epoch,W1_1_1,W1_2_1,W1_3_1,W1_4_1,W1_5_1,W1_6_1,W1_1_2,W1_2_2,W1_3_2,W1_4_2,W1_5_2,W1_6_2,W1_1_3,W1_2_3,W1_3_3,W1_4_3,W1_5_3,W1_6_3,W1_1_4,W1_2_4,W1_3_4,W1_4_4,W1_5_4,W1_6_4,W1_1_5,W1_2_5,W1_3_5,W1_4_5,W1_5_5,W1_6_5,W1_1_6,W1_2_6,W1_3_6,W1_4_6,W1_5_6,W1_6_6,W1_1_7,W1_2_7,W1_3_7,W1_4_7,W1_5_7,W1_6_7,W1_1_8,W1_2_8,W1_3_8,W1_4_8,W1_5_8,W1_6_8,W1_1_9,W1_2_9,W1_3_9,W1_4_9,W1_5_9,W1_6_9,W1_1_10,W1_2_10,W1_3_10,W1_4_10,W1_5_10,W1_6_10,W1_1_11,W1_2_11,W1_3_11,W1_4_11,W1_5_11,W1_6_11,W1_1_12,W1_2_12,W1_3_12,W1_4_12,W1_5_12,W1_6_12,W1_1_13,W1_2_13,W1_3_13,W1_4_13,W1_5_13,W1_6_13,W1_1_14,W1_2_14,W1_3_14,W1_4_14,W1_5_14,W1_6_14,W1_1_15,W1_2_15,W1_3_15,W1_4_15,W1_5_15,W1_6_15,W1_1_16,W1_2_16,W1_3_16,W1_4_16,W1_5_16,W1_6_16,W1_1_17,W1_2_17,W1_3_17,W1_4_17,W1_5_17,W1_6_17,W1_1_18,W1_2_18,W1_3_18,W1_4_18,W1_5_18,W1_6_18,W1_1_19,W1_2_19,W1_3_19,W1_4_19,W1_5_19,W1_6_19,W1_1_20,W1_2_20,W1_3_20,W1_4_20,W1_5_20,W1_6_20,W1_1_21,W1_2_21,W1_3_21,W1_4_21,W1_5_21,W1_6_21,W1_1_22,W1_2_22,W1_3_22,W1_4_22,W1_5_22,W1_6_22,W1_1_23,W1_2_23,W1_3_23,W1_4_23,W1_5_23,W1_6_23,W1_1_24,W1_2_24,W1_3_24,W1_4_24,W1_5_24,W1_6_24,W1_1_25,W1_2_25,W1_3_25,W1_4_25,W1_5_25,W1_6_25,W1_1_26,W1_2_26,W1_3_26,W1_4_26,W1_5_26,W1_6_26,W1_1_27,W1_2_27,W1_3_27,W1_4_27,W1_5_27,W1_6_27,W1_1_28,W1_2_28,W1_3_28,W1_4_28,W1_5_28,W1_6_28,W1_1_29,W1_2_29,W1_3_29,W1_4_29,W1_5_29,W1_6_29,W1_1_30,W1_2_30,W1_3_30,W1_4_30,W1_5_30,W1_6_30,W1_1_31,W1_2_31,W1_3_31,W1_4_31,W1_5_31,W1_6_31,W1_1_32,W1_2_32,W1_3_32,W1_4_32,W1_5_32,W1_6_32,W1_1_33,W1_2_33,W1_3_33,W1_4_33,W1_5_33,W1_6_33,W1_1_34,W1_2_34,W1_3_34,W1_4_34,W1_5_34,W1_6_34,W1_1_35,W1_2_35,W1_3_35,W1_4_35,W1_5_35,W1_6_35,W1_1_36,W1_2_36,W1_3_36,W1_4_36,W1_5_36,W1_6_36,W1_1_37,W1_2_37,W1_3_37,W1_4_37,W1_5_37,W1_6_37,W1_1_38,W1_2_38,W1_3_38,W1_4_38,W1_5_38,W1_6_38,W1_1_39,W1_2_39,W1_3_39,W1_4_39,W1_5_39,W1_6_39,W1_1_40,W1_2_40,W1_3_40,W1_4_40,W1_5_40,W1_6_40,W1_1_41,W1_2_41,W1_3_41,W1_4_41,W1_5_41,W1_6_41,W1_1_42,W1_2_42,W1_3_42,W1_4_42,W1_5_42,W1_6_42,b1_1,b1_2,b1_3,b1_4,b1_5,b1_6,Wout_1_1,Wout_1_2,Wout_1_3,Wout_1_4,Wout_1_5,Wout_1_6,bout_1,training_acc,testing_acc
0,0.24629023671150208,-0.1247539073228836,-0.1366836577653885,-0.3042682111263275,0.29264071583747864,-0.23300647735595703,-0.15317969024181366,-0.10163205862045288,0.029384702444076538,-0.3003387749195099,-0.30088093876838684,0.25876858830451965,0.0417613685131073,-0.3469476103782654,-0.3061680197715759,-0.001594841480255127,-0.14219528436660767,0.21880874037742615,0.11207520961761475,-0.013051539659500122,-0.24628013372421265,0.06435906887054443,-0.11708950996398926,-0.24383914470672607,-0.1799643486738205,-0.25494384765625,0.3443218171596527,0.2850288450717926,-0.2459246665239334,-0.3373003900051117,0.20811310410499573,0.11895880103111267,0.18550285696983337,0.3234104812145233,0.22173067927360535,-0.20660173892974854,0.25875821709632874,-0.2818388342857361,-0.19339577853679657,-0.33111903071403503,-0.2219487577676773,-0.04939466714859009,-0.26834627985954285,-0.18138089776039124,-0.100810706615448,-0.21613477170467377,-0.2178175151348114,-0.14824049174785614,0.23743721842765808,0.30269375443458557,0.23393389582633972,-0.31231725215911865,-0.13580110669136047,0.2917570173740387,-0.07399788498878479,0.20274260640144348,-0.07830977439880371,-0.2853679656982422,0.09867486357688904,0.11820867657661438,0.19805678725242615,0.03550618886947632,0.053633809089660645,-0.028040379285812378,0.028763115406036377,0.0348207950592041,-0.19990645349025726,0.09729668498039246,-0.012754231691360474,-0.3338567316532135,0.32101961970329285,0.3024977743625641,0.21097007393836975,0.14885357022285461,0.2283385694026947,0.14367160201072693,-0.05906224250793457,-0.28484854102134705,0.2946341931819916,-0.031007856130599976,-0.23390868306159973,-0.13761426508426666,0.08212441205978394,0.013655245304107666,0.07718083262443542,-0.2495771050453186,-0.2659004330635071,-0.28309616446495056,-0.10767871141433716,-0.09409072995185852,-0.1287582814693451,-0.05099070072174072,0.340905100107193,-0.12273718416690826,0.24840566515922546,-0.34334152936935425,0.17386415600776672,0.051160961389541626,0.3226824104785919,0.13945218920707703,-0.27457642555236816,0.1417534351348877,0.11314886808395386,0.16018620133399963,-0.09471508860588074,0.030362069606781006,0.19833752512931824,0.12330025434494019,-0.1997286081314087,-0.15672962367534637,0.053099215030670166,-0.2739505469799042,0.3478316366672516,0.1756417453289032,0.2165193259716034,-0.22373349964618683,0.3296395242214203,-0.2943046987056732,0.20534458756446838,-0.2867855429649353,0.3143230378627777,-0.041653990745544434,0.009018242359161377,-0.29099684953689575,0.19437065720558167,0.18047413229942322,-0.04593726992607117,0.2282351553440094,-0.08533504605293274,0.15529552102088928,-0.28416720032691956,-0.3017333149909973,0.040637075901031494,0.19049987196922302,0.0175592303276062,-0.043265342712402344,-0.010016202926635742,0.25415119528770447,-0.3135410249233246,0.28695443272590637,-0.2054622620344162,-0.1098981648683548,0.2226983606815338,0.34843483567237854,0.09867352247238159,-0.254367858171463,-0.020722419023513794,0.04399609565734863,-0.2762965261936188,-0.27299171686172485,-0.24518337845802307,0.20382580161094666,-0.03377225995063782,-0.08192673325538635,0.3296452462673187,0.2611559331417084,0.3391592800617218,-0.08650431036949158,0.11670106649398804,-0.21816329658031464,-0.21218569576740265,-0.1636897623538971,-0.18272049725055695,0.029746562242507935,-0.17559927701950073,0.04106679558753967,-0.23071512579917908,0.1396803855895996,-0.27176523208618164,0.0188005268573761,-0.33783218264579773,0.10399067401885986,0.16230735182762146,-0.33191797137260437,-0.22732466459274292,0.3322767913341522,-0.0467664897441864,-0.2126978635787964,-0.03199240565299988,0.2679930627346039,-0.181801438331604,-0.2747710645198822,0.00696989893913269,0.2733893096446991,-0.061119407415390015,0.2903936207294464,0.26869872212409973,0.10306060314178467,-0.21893280744552612,0.019551843404769897,0.06461229920387268,0.31514135003089905,0.1591058075428009,-0.22454020380973816,-0.29959768056869507,-0.10544061660766602,0.015229344367980957,-0.042659103870391846,0.2619675099849701,-0.0815107524394989,0.02700558304786682,-0.22068729996681213,0.010903805494308472,0.28646692633628845,-0.17809723317623138,-0.11803840100765228,-0.22684377431869507,-0.17430385947227478,0.2329094111919403,-0.3360443115234375,-0.006344437599182129,-0.17155149579048157,0.2064456045627594,0.1722712218761444,-0.3427174389362335,0.1790430247783661,-0.26206859946250916,0.29205194115638733,0.1981671154499054,0.00015687942504882812,-0.33467790484428406,0.08322003483772278,0.3310485780239105,0.29878315329551697,0.34508416056632996,-0.19236420094966888,0.17425957322120667,0.2788691818714142,0.10071900486946106,-0.12202666699886322,-0.032730817794799805,0.026838451623916626,0.12050703167915344,0.06955546140670776,0.011329829692840576,0.30142876505851746,-0.16215215623378754,0.1743784248828888,-0.242746964097023,0.23841914534568787,0.18181702494621277,-0.16196182370185852,-0.32324373722076416,-0.21711459755897522,0.3436647355556488,-0.002990245819091797,-0.27301084995269775,0.26519468426704407,0.047998249530792236,0.2786150276660919,0.24639949202537537,0.24926415085792542,1.0,1.0,1.0,1.0,1.0,1.0,0.6449393033981323,-0.326682448387146,-0.357921838760376,-0.7967612147331238,0.7663133144378662,-0.6101542711257935,1.0,0.5002368,0.4970688
1,-0.907961368560791,0.9271002411842346,-0.3501375913619995,1.3041000366210938,-0.6927080154418945,1.3776026964187622,0.14580169320106506,-0.7204241156578064,-0.22564655542373657,-0.9984938502311707,-0.09254857897758484,-0.4273293912410736,0.020219609141349792,-0.6984477043151855,-0.52510666847229,-0.4257839322090149,-0.19057722389698029,-0.25131097435951233,-0.8024427890777588,0.5797929763793945,-0.5073159337043762,0.9636738896369934,-0.9410523176193237,0.5663744211196899,0.9414204955101013,-1.7661223411560059,-0.0014034317573532462,-1.700138807296753,0.7198899388313293,-2.34354829788208,0.6521989107131958,-0.7268818616867065,-0.13574033975601196,-0.6410046815872192,0.6106558442115784,-1.2406173944473267,0.6139695048332214,-0.9118396639823914,-0.36663559079170227,-1.1355313062667847,0.09154176712036133,-0.842193603515625,0.25534623861312866,-1.2904988527297974,-0.45205268263816833,-1.4891197681427002,0.23867854475975037,-1.4178340435028076,-0.6780574917793274,0.5142977237701416,-0.16044341027736664,0.3222790062427521,-0.9327120184898376,0.8544772863388062,-0.053024668246507645,-0.14012974500656128,-0.38505819439888,-0.6158221364021301,0.07275043427944183,-0.22573398053646088,1.0960181951522827,-1.1670042276382446,-0.22756808996200562,-1.6041018962860107,0.8160884976387024,-1.492488980293274,-0.6830836534500122,0.27460402250289917,-0.3372921943664551,0.10734014213085175,-0.10862229019403458,0.6521790623664856,-1.3056079149246216,1.5520273447036743,-0.11796142160892487,2.2598979473114014,-1.362725019454956,1.7199208736419678,0.6543651223182678,-0.6181537508964539,-0.5230486392974854,-0.8601861596107483,0.39821285009384155,-0.6939762234687805,1.004939317703247,-1.316750168800354,-0.43078184127807617,-1.6939823627471924,0.6724870800971985,-1.5050476789474487,-0.028040384873747826,-0.5018770098686218,0.02539445273578167,-0.5151770114898682,0.37272197008132935,-0.6797451376914978,0.166554257273674,0.06652278453111649,0.3204948306083679,0.15830524265766144,-0.2837854325771332,0.15998475253582,0.16760307550430298,-0.09228307008743286,-0.19008159637451172,-0.30605897307395935,0.2567561864852905,-0.18443453311920166,0.07348605990409851,-0.28954729437828064,-0.07172951102256775,-0.3687104284763336,0.5127220749855042,0.06963565945625305,0.3626694977283478,-0.4281388223171234,0.27977657318115234,-0.5710045099258423,0.31544673442840576,-0.5490956902503967,-0.1497240960597992,0.32221701741218567,-0.07662061601877213,0.24905648827552795,-0.1539478898048401,0.7085474133491516,0.6677235960960388,-0.8765867948532104,-0.21991398930549622,-1.2244983911514282,0.2795540988445282,-1.7398443222045898,-0.5530258417129517,0.46790024638175964,-0.1762433648109436,0.6208924651145935,-0.602932870388031,0.7805930972099304,-0.45943203568458557,0.23479509353637695,-0.34518977999687195,0.02152215875685215,0.014420675113797188,0.42183998227119446,0.6429378986358643,-1.1138865947723389,-0.17501524090766907,-0.9118565320968628,0.13394379615783691,-1.3245152235031128,-1.9369348287582397,1.5774519443511963,-0.26518744230270386,2.020888566970825,-1.1996433734893799,2.2601733207702637,-0.7373971343040466,0.5287038683891296,-0.07135196030139923,0.8744170665740967,-1.1939078569412231,0.8005751967430115,-0.8231731653213501,0.355812668800354,-0.2700119614601135,0.6722089648246765,-0.8303579688072205,0.7112039923667908,-1.4092603921890259,0.4990968406200409,-0.6057338714599609,1.147603988647461,-0.8810655474662781,0.594161868095398,0.24582800269126892,-0.7204713225364685,-0.3904680609703064,-1.3533374071121216,0.3563358187675476,-0.9440909028053284,-0.28987839818000793,-0.5148409008979797,-0.17702382802963257,0.13914167881011963,-0.20810870826244354,0.09768231213092804,-0.9336708784103394,0.8848917484283447,-0.41146329045295715,1.320489764213562,-1.0332509279251099,1.5848361253738403,0.014262029901146889,-0.494235634803772,-0.47110649943351746,-0.25193193554878235,-0.1565290242433548,-0.3111620843410492,1.4053459167480469,-1.7694838047027588,-0.20974953472614288,-2.248074769973755,0.951094925403595,-1.8906033039093018,-1.0444947481155396,0.38936647772789,-0.36158397793769836,0.7615883350372314,-0.5908063650131226,0.4772210717201233,-1.220324993133545,0.7688482999801636,0.11703263223171234,1.6758049726486206,-1.4484519958496094,1.6181488037109375,-0.8223809003829956,0.43660029768943787,-0.027313077822327614,0.38077056407928467,-0.861905574798584,0.3844664990901947,0.3419751822948456,0.2899536192417145,0.3418377637863159,-0.20290078222751617,0.18436282873153687,0.2662371098995209,-0.3527089059352875,0.09560069441795349,-0.11404307186603546,0.4641793966293335,-0.2953270375728607,0.46265825629234314,-0.04702780395746231,0.1791672259569168,-0.20062611997127533,0.16449542343616486,-0.34080177545547485,0.18851155042648315,-0.1790497750043869,0.08320101350545883,-0.3417300879955292,0.2112993597984314,-0.0009074596455320716,0.3923521637916565,-0.16256318986415863,-0.036326032131910324,8.692849223734811e-05,-0.11218857020139694,0.34497424960136414,-0.14136925339698792,0.9088327288627625,0.12783005833625793,0.40033867955207825,0.3104279637336731,0.841518223285675,0.15131865441799164,1.7057199478149414,-1.4400027990341187,0.16489000618457794,-1.3168586492538452,1.5640350580215454,-1.4356008768081665,0.21401530504226685,0.6229402,0.6170935
2,-1.4947811365127563,1.3500196933746338,-0.3885113596916199,1.9368212223052979,-1.1518115997314453,2.092486619949341,0.4848915636539459,-0.8674831390380859,-0.24701140820980072,-1.2757917642593384,0.16112904250621796,-0.6097469925880432,0.18285547196865082,-0.8085449934005737,-0.5417658686637878,-0.6988723874092102,-0.10432961583137512,-0.5370490550994873,-1.1904051303863525,0.9630963206291199,-0.5475481152534485,1.3555797338485718,-1.314911127090454,0.9563724994659424,1.4759221076965332,-2.029902696609497,-0.02152220532298088,-2.205841064453125,1.1131895780563354,-2.9586517810821533,0.9414014220237732,-0.8231768608093262,-0.15377682447433472,-0.7849646806716919,0.8193638324737549,-1.4653764963150024,0.7073429226875305,-1.0186171531677246,-0.3803436756134033,-1.326135277748108,0.15765121579170227,-1.0111761093139648,0.5166459083557129,-1.5472670793533325,-0.4762750267982483,-1.8173260688781738,0.45919331908226013,-1.6837432384490967,-1.0923954248428345,0.4891663193702698,-0.20654860138893127,0.39170169830322266,-1.263828158378601,0.9561909437179565,0.06385976076126099,-0.14592179656028748,-0.4152911305427551,-0.7132998704910278,0.1316152811050415,-0.28281015157699585,1.7552014589309692,-1.561301827430725,-0.23606233298778534,-2.239680051803589,1.3755266666412354,-2.090982437133789,-0.895638644695282,0.5652097463607788,-0.37260901927948,0.4858625531196594,-0.3181942403316498,0.996284008026123,-1.8848403692245483,2.0972352027893066,-0.17452716827392578,2.9509036540985107,-1.8205901384353638,2.4237236976623535,0.9700449705123901,-0.6682590246200562,-0.5422541499137878,-1.0285316705703735,0.645547091960907,-0.8447652459144592,1.4361193180084229,-1.4758436679840088,-0.43074050545692444,-1.9624539613723755,0.9797007441520691,-1.7670011520385742,0.141166552901268,-0.6724368333816528,0.005386193748563528,-0.7100447416305542,0.5660275816917419,-0.8258902430534363,0.15984827280044556,0.08269894123077393,0.31968483328819275,0.17901469767093658,-0.2927740514278412,0.1815214902162552,0.1084337905049324,-0.06502851843833923,-0.2000453770160675,-0.3165883719921112,0.22363819181919098,-0.14204484224319458,0.34087952971458435,-0.17173469066619873,-0.07869566231966019,-0.22239139676094055,0.6519068479537964,0.23675571382045746,0.47125110030174255,-0.43792954087257385,0.2766461670398712,-0.6351220011711121,0.38631582260131836,-0.5988445281982422,-0.4179672598838806,0.46906840801239014,-0.08787588775157928,0.4803082048892975,-0.34249091148376465,0.930585503578186,1.239514708518982,-1.2799891233444214,-0.22351610660552979,-1.7587616443634033,0.7289066910743713,-2.326677083969116,-0.7953839898109436,0.6104586124420166,-0.20773716270923615,0.8937702178955078,-0.8110948801040649,1.0463488101959229,-0.4973115622997284,0.31264811754226685,-0.36519819498062134,0.17572996020317078,-0.03334401175379753,0.6116364002227783,1.071958065032959,-1.391581654548645,-0.1828300952911377,-1.2228833436965942,0.47657519578933716,-1.6764705181121826,-2.547508955001831,1.8548412322998047,-0.3058677911758423,2.412130355834961,-1.6674672365188599,2.659569501876831,-1.1195223331451416,0.5925564169883728,-0.10079272091388702,1.0475482940673828,-1.4633301496505737,0.9707863926887512,-1.0408884286880493,0.3352804481983185,-0.29127082228660583,0.685547947883606,-1.0158360004425049,0.757951557636261,-1.8221155405044556,0.5427664518356323,-0.6454105377197266,1.356640338897705,-1.1956769227981567,0.8536498546600342,0.461375892162323,-0.8803602457046509,-0.4223671555519104,-1.5221301317214966,0.5403789281845093,-1.0863372087478638,-0.2155180424451828,-0.5698197484016418,-0.19886012375354767,0.14930887520313263,-0.16414372622966766,0.11530034244060516,-1.502305030822754,1.171425700187683,-0.45129597187042236,1.7839219570159912,-1.486613154411316,2.1580305099487305,0.1760290265083313,-0.740768551826477,-0.4831435978412628,-0.5014432668685913,0.022828930988907814,-0.5856956839561462,2.124387502670288,-2.268671751022339,-0.21655981242656708,-2.825723886489868,1.5724000930786133,-2.5793888568878174,-1.3156394958496094,0.4761132299900055,-0.38589102029800415,0.9136397242546082,-0.7823413610458374,0.647111713886261,-1.6731380224227905,0.8853656649589539,0.09186980128288269,1.9154140949249268,-1.835798740386963,1.880795955657959,-0.8962617516517639,0.5051155686378479,-0.05843240022659302,0.46059995889663696,-0.9140232801437378,0.4816761016845703,0.35481709241867065,0.28655359148979187,0.3422183096408844,-0.2043839544057846,0.1959073841571808,0.26261213421821594,-0.469289630651474,-0.01672595553100109,-0.12403296679258347,0.3747757077217102,-0.3815290033817291,0.3802272081375122,0.0575554296374321,0.056286685168743134,-0.2070489078760147,0.05011313036084175,-0.26159533858299255,0.0880424901843071,-0.27574586868286133,0.05341146141290665,-0.3468843102455139,0.19668714702129364,-0.0699169710278511,0.41397127509117126,-0.11199714988470078,-0.18460729718208313,-0.00342180160805583,-0.32150787115097046,0.38325631618499756,-0.33613237738609314,0.9134984016418457,0.07145142555236816,0.32878175377845764,0.2803075313568115,0.8073429465293884,0.13342764973640442,1.7280935049057007,-1.4536988735198975,0.13142544031143188,-1.1940429210662842,1.6530026197433472,-1.329168677330017,0.015285111963748932,0.6281754,0.6214132
3,-1.9316118955612183,1.575722098350525,-0.40831372141838074,2.297128200531006,-1.48811936378479,2.538558006286621,0.7611784338951111,-0.9497868418693542,-0.25938689708709717,-1.4603466987609863,0.35640981793403625,-0.7064647078514099,0.3524077832698822,-0.8609503507614136,-0.5518481731414795,-0.8757584095001221,-0.03429349139332771,-0.7523524165153503,-1.447709321975708,1.230257511138916,-0.5699949264526367,1.6133198738098145,-1.5998525619506836,1.1961866617202759,1.8232406377792358,-2.1308016777038574,-0.03633452206850052,-2.476466178894043,1.3330987691879272,-3.3841044902801514,1.189267873764038,-0.8801355361938477,-0.1634621024131775,-0.8755503296852112,0.9880037307739258,-1.6639354228973389,0.7525003552436829,-1.0988532304763794,-0.3887634873390198,-1.4736441373825073,0.1707717478275299,-1.149965524673462,0.6894984245300293,-1.712583065032959,-0.489997535943985,-2.025538921356201,0.5785722732543945,-1.828677773475647,-1.3832879066467285,0.3956201672554016,-0.2303752452135086,0.3583170771598816,-1.5116742849349976,0.9378126859664917,0.14883050322532654,-0.11087591201066971,-0.43273553252220154,-0.7552064061164856,0.15111467242240906,-0.28150150179862976,2.196951389312744,-1.7701468467712402,-0.24228553473949432,-2.623157262802124,1.7547967433929443,-2.438398599624634,-1.0099763870239258,0.7458446621894836,-0.3913268446922302,0.7187030911445618,-0.44675448536872864,1.1793274879455566,-2.2665185928344727,2.3898890018463135,-0.2036915272474289,3.3160762786865234,-2.122281312942505,2.789179801940918,1.193028211593628,-0.6788855791091919,-0.5534743666648865,-1.1333661079406738,0.8064433336257935,-0.9479188323020935,1.716342568397522,-1.5458793640136719,-0.43168482184410095,-2.1347718238830566,1.1584709882736206,-1.9306352138519287,0.2403428703546524,-0.7729523777961731,-0.0054354313760995865,-0.8321812152862549,0.6972670555114746,-0.9250244498252869,0.15867261588573456,0.09585357457399368,0.3192489445209503,0.19637024402618408,-0.29822462797164917,0.2007073611021042,0.04799090698361397,-0.02771637588739395,-0.2058158665895462,-0.31865689158439636,0.18584004044532776,-0.09500371664762497,0.5546027421951294,-0.09128870069980621,-0.08192463964223862,-0.12373616546392441,0.756879985332489,0.3504231572151184,0.5814186334609985,-0.42425140738487244,0.2746785581111908,-0.6736350655555725,0.4559030532836914,-0.6370616555213928,-0.6311080455780029,0.5441702008247375,-0.09408234804868698,0.6184599995613098,-0.4768989682197571,1.0653623342514038,1.6646149158477783,-1.504899263381958,-0.22678092122077942,-2.058676242828369,1.0664420127868652,-2.687148094177246,-1.0018630027770996,0.692554771900177,-0.22320692241191864,1.0572482347488403,-0.9744293689727783,1.2330201864242554,-0.532457709312439,0.3717745244503021,-0.37491142749786377,0.27637770771980286,-0.07092658430337906,0.7636858820915222,1.3959671258926392,-1.5667475461959839,-0.18625511229038239,-1.4187898635864258,0.7345972061157227,-1.9018409252166748,-3.0026509761810303,2.025167942047119,-0.32730937004089355,2.6380839347839355,-1.9923914670944214,2.8669097423553467,-1.4087040424346924,0.6336642503738403,-0.1162228211760521,1.1605182886123657,-1.6248208284378052,1.0796294212341309,-1.1923521757125854,0.32312512397766113,-0.30283433198928833,0.6858794093132019,-1.1533092260360718,0.8024290800094604,-2.101947069168091,0.5247347354888916,-0.6652223467826843,1.4397311210632324,-1.3968595266342163,0.9997889399528503,0.6169776916503906,-0.981241762638092,-0.43966543674468994,-1.629502534866333,0.6693143844604492,-1.1532636880874634,-0.1305447220802307,-0.6107767820358276,-0.21041478216648102,0.1683751493692398,-0.11202224344015121,0.14934255182743073,-1.9095624685287476,1.325637698173523,-0.471597820520401,2.051518440246582,-1.799214243888855,2.5425901412963867,0.30033645033836365,-0.8831108212471008,-0.48905250430107117,-0.6389284133911133,0.20330145955085754,-0.7446574568748474,2.5882203578948975,-2.520833969116211,-0.22173862159252167,-3.0869674682617188,2.0041956901550293,-2.9652414321899414,-1.5187445878982544,0.5322703719139099,-0.3977314829826355,1.0051273107528687,-0.9121745228767395,0.753929853439331,-1.9917525053024292,0.966114342212677,0.07827924191951752,2.071119785308838,-2.1195876598358154,2.070650339126587,-0.9292438626289368,0.5806652903556824,-0.07589922845363617,0.5317975878715515,-0.9210249781608582,0.566410481929779,0.36780405044555664,0.2844226062297821,0.3424185514450073,-0.20357634127140045,0.20751075446605682,0.26109766960144043,-0.5599942207336426,-0.10621123015880585,-0.12900884449481964,0.3013265132904053,-0.4467645287513733,0.3248758614063263,0.1441439688205719,0.00642006890848279,-0.21099859476089478,0.028043359518051147,-0.19813019037246704,0.0826624408364296,-0.3523257374763489,0.022894924506545067,-0.34901517629623413,0.17749352753162384,-0.12418732792139053,0.4396594762802124,-0.0848146304488182,-0.2784496545791626,-0.005864250473678112,-0.470989465713501,0.39617598056793213,-0.4653800129890442,0.9333072900772095,0.03331276774406433,0.28883641958236694,0.24538525938987732,0.7820992469787598,0.10527413338422775,1.5927371978759766,-1.4381134510040283,0.12305133044719696,-1.1208453178405762,1.6223021745681763,-1.2585238218307495,-0.0936226099729538,0.62964624,0.62326443
4,-2.278388738632202,1.724811315536499,-0.42190057039260864,2.5469679832458496,-1.7575641870498657,2.8738770484924316,0.9933642745018005,-1.000917673110962,-0.2684059143066406,-1.6021205186843872,0.5094828605651855,-0.7542869448661804,0.5201946496963501,-0.8908498287200928,-0.5593621730804443,-0.9990735650062561,0.017868785187602043,-0.9285125136375427,-1.6448765993118286,1.4419422149658203,-0.5863261222839355,1.8183249235153198,-1.84727942943573,1.3764700889587402,2.100705862045288,-2.185256242752075,-0.047921884804964066,-2.6503026485443115,1.4786348342895508,-3.7403695583343506,1.4004132747650146,-0.9201284646987915,-0.1699734926223755,-0.9309441447257996,1.1259748935699463,-1.8418159484863281,0.7864785194396973,-1.1656947135925293,-0.3949805796146393,-1.5970463752746582,0.16712912917137146,-1.2729462385177612,0.8336477875709534,-1.840095043182373,-0.49950090050697327,-2.1805527210235596,0.650825023651123,-1.9156384468078613,-1.6034526824951172,0.30113935470581055,-0.24655544757843018,0.319952130317688,-1.715022325515747,0.8991683125495911,0.2326909601688385,-0.06693825870752335,-0.44521474838256836,-0.7823384404182434,0.1541416347026825,-0.25399723649024963,2.5259385108947754,-1.9103941917419434,-0.24688611924648285,-2.9030675888061523,2.032850742340088,-2.6741504669189453,-1.0906834602355957,0.8805432319641113,-0.4043242037296295,0.9006068706512451,-0.5439910292625427,1.3040618896484375,-2.556612491607666,2.591167449951172,-0.22386962175369263,3.5719380378723145,-2.3620080947875977,3.0389161109924316,1.3650563955307007,-0.6802493929862976,-0.5614036321640015,-1.2132747173309326,0.9133425354957581,-1.0286604166030884,1.917546033859253,-1.5879348516464233,-0.432376891374588,-2.281888723373413,1.2730177640914917,-2.0692622661590576,0.32371753454208374,-0.8420897126197815,-0.012486346065998077,-0.9181932210922241,0.799809455871582,-0.997665286064148,0.16078704595565796,0.10728015005588531,0.31894204020500183,0.21145619451999664,-0.3011879324913025,0.21843719482421875,-0.003747873939573765,0.0099391620606184,-0.20990534126758575,-0.3239798843860626,0.1502661556005478,-0.05341774597764015,0.7081673741340637,-0.029974786564707756,-0.08389919251203537,-0.05004562810063362,0.8287612199783325,0.4390016198158264,0.6901206970214844,-0.40110182762145996,0.2732144892215729,-0.6987239122390747,0.5241104364395142,-0.6730167269706726,-0.8181388974189758,0.5877038836479187,-0.09845388680696487,0.7140170335769653,-0.5763777494430542,1.1601506471633911,1.9870495796203613,-1.6615018844604492,-0.22923769056797028,-2.2618961334228516,1.3330318927764893,-2.961668014526367,-1.2006078958511353,0.7492882609367371,-0.23308829963207245,1.1663376092910767,-1.1183205842971802,1.381614327430725,-0.5705927610397339,0.4204956293106079,-0.38095784187316895,0.3481663763523102,-0.10898331552743912,0.8905997276306152,1.6515190601348877,-1.7006269693374634,-0.18770819902420044,-1.5706813335418701,0.9352508783340454,-2.0773961544036865,-3.371643304824829,2.153237819671631,-0.34186071157455444,2.8043277263641357,-2.237330198287964,2.9929909706115723,-1.6487340927124023,0.6683651208877563,-0.12657205760478973,1.2617073059082031,-1.716995358467102,1.1640748977661133,-1.3050979375839233,0.31782907247543335,-0.311008483171463,0.6832063794136047,-1.261615514755249,0.8476505279541016,-2.324450731277466,0.4897637963294983,-0.6782626509666443,1.480229139328003,-1.5477168560028076,1.102128028869629,0.7477035522460938,-1.0616414546966553,-0.4512333273887634,-1.7199379205703735,0.7681379914283752,-1.1930731534957886,-0.05690310150384903,-0.6514503359794617,-0.21812111139297485,0.18146748840808868,-0.06701339781284332,0.1833096742630005,-2.2442190647125244,1.4167602062225342,-0.4851993918418884,2.2291159629821777,-2.039846420288086,2.836954355239868,0.39971259236335754,-0.9796059131622314,-0.4923131465911865,-0.721104621887207,0.39081254601478577,-0.8509862422943115,2.9101431369781494,-2.6890900135040283,-0.2250315546989441,-3.2383546829223633,2.3346152305603027,-3.252896547317505,-1.684525728225708,0.5750656723976135,-0.40517622232437134,1.0698025226593018,-1.004372239112854,0.828553318977356,-2.232280969619751,1.0335530042648315,0.06866730749607086,2.1871237754821777,-2.339587926864624,2.2305753231048584,-0.9695835113525391,0.6483280062675476,-0.08829478174448013,0.5985276699066162,-0.915806233882904,0.6327295303344727,0.38108018040657043,0.28254079818725586,0.3425901234149933,-0.20205101370811462,0.21895204484462738,0.2606501579284668,-0.6350693702697754,-0.17552350461483002,-0.13218235969543457,0.24346432089805603,-0.4949648976325989,0.29097607731819153,0.22575701773166656,-0.020124150440096855,-0.21379239857196808,0.03236568346619606,-0.13841748237609863,0.10910075902938843,-0.4132367670536041,-0.002424944657832384,-0.35010895133018494,0.16369642317295074,-0.16447515785694122,0.4685458540916443,-0.06442027539014816,-0.35038167238235474,-0.0076989103108644485,-0.5966778993606567,0.39928480982780457,-0.5656299591064453,0.9812847971916199,0.0032029920257627964,0.26110661029815674,0.2068864405155182,0.7836179137229919,0.06608996540307999,1.4737510681152344,-1.4289629459381104,0.12591664493083954,-1.0719382762908936,1.5735814571380615,-1.2055238485336304,-0.1663697063922882,0.6299454,0.62264735
5,-2.5625948905944824,1.8328031301498413,-0.43249502778053284,2.735092878341675,-1.9852086305618286,3.146780490875244,1.1876850128173828,-1.0342024564743042,-0.275823175907135,-1.7242869138717651,0.6304541826248169,-0.7731550931930542,0.6770261526107788,-0.910013735294342,-0.565528154373169,-1.0916119813919067,0.05356244742870331,-1.0801661014556885,-1.8089544773101807,1.6187340021133423,-0.5996312499046326,1.9903028011322021,-2.0755696296691895,1.523659348487854,2.3368170261383057,-2.2183754444122314,-0.05765751749277115,-2.7707343101501465,1.5810664892196655,-4.055897235870361,1.5810984373092651,-0.9517144560813904,-0.17486467957496643,-0.9647300839424133,1.2413822412490845,-2.005868434906006,0.8173534870147705,-1.2220760583877563,-0.4000625014305115,-1.7016931772232056,0.1574692577123642,-1.384761095046997,0.9596186876296997,-1.9464231729507446,-0.5069001913070679,-2.3073458671569824,0.6947812438011169,-1.9686238765716553,-1.7809064388275146,0.21494276821613312,-0.25902634859085083,0.29259979724884033,-1.8930236101150513,0.8589223623275757,0.31781429052352905,-0.020312538370490074,-0.45521509647369385,-0.8100429177284241,0.14581291377544403,-0.21093271672725677,2.7863337993621826,-2.016918182373047,-0.2505532205104828,-3.1328601837158203,2.2457215785980225,-2.8464622497558594,-1.1574758291244507,0.9874744415283203,-0.4144625663757324,1.054564118385315,-0.6257753968238831,1.3982603549957275,-2.7894365787506104,2.7444822788238525,-0.23974332213401794,3.77167010307312,-2.5703470706939697,3.231424331665039,1.5061893463134766,-0.6791681051254272,-0.5675908923149109,-1.282693862915039,0.986084520816803,-1.0952633619308472,2.0713884830474854,-1.6148077249526978,-0.43284374475479126,-2.4171760082244873,1.3526989221572876,-2.197357654571533,0.40397870540618896,-0.8936907052993774,-0.01761336624622345,-0.9862351417541504,0.8833171725273132,-1.0527806282043457,0.16478076577186584,0.1175539419054985,0.3186950087547302,0.22492419183254242,-0.30231261253356934,0.23527859151363373,-0.04969869926571846,0.0474233403801918,-0.2131451517343521,-0.33255845308303833,0.11618142575025558,-0.01672619767487049,0.8210515379905701,0.01898367516696453,-0.08525065332651138,0.006591727491468191,0.880580484867096,0.510201632976532,0.7930722832679749,-0.3720952868461609,0.2719952464103699,-0.7145752906799316,0.58961421251297,-0.7081362009048462,-0.9871186017990112,0.6140448451042175,-0.10183502733707428,0.7845179438591003,-0.6496986150741577,1.231133222579956,2.243717908859253,-1.7844350337982178,-0.23109157383441925,-2.4100468158721924,1.554332971572876,-3.194880962371826,-1.3875418901443481,0.7922559976577759,-0.24020236730575562,1.2460532188415527,-1.2466553449630737,1.5059016942977905,-0.6087707877159119,0.4639842212200165,-0.3851708471775055,0.40491607785224915,-0.14635440707206726,0.9989519119262695,1.8641165494918823,-1.8111447095870972,-0.18807698786258698,-1.697264552116394,1.0982835292816162,-2.227067470550537,-3.6829283237457275,2.2584540843963623,-0.35278287529945374,2.9405336380004883,-2.4282848834991455,3.0772957801818848,-1.863965630531311,0.6955142617225647,-0.13427767157554626,1.3583292961120605,-1.7651852369308472,1.2312779426574707,-1.3904497623443604,0.31667402386665344,-0.31753742694854736,0.6821208000183105,-1.351083755493164,0.8936542272567749,-2.511202573776245,0.44754543900489807,-0.6879442930221558,1.5049699544906616,-1.6689808368682861,1.1807326078414917,0.865581750869751,-1.1300091743469238,-0.45991000533103943,-1.7993850708007812,0.8438151478767395,-1.2162766456604004,0.008376022800803185,-0.6930947303771973,-0.2238250970840454,0.19074922800064087,-0.028545022010803223,0.21623623371124268,-2.534869909286499,1.4707989692687988,-0.49540969729423523,2.3572499752044678,-2.2324392795562744,3.0787057876586914,0.4758453965187073,-1.0547301769256592,-0.4941205084323883,-0.773714542388916,0.5814614295959473,-0.9300627112388611,3.1475586891174316,-2.818229913711548,-0.22704307734966278,-3.3348727226257324,2.6036527156829834,-3.4988198280334473,-1.8296805620193481,0.6104240417480469,-0.41041475534439087,1.1209088563919067,-1.0687521696090698,0.8846349120140076,-2.421290636062622,1.09394371509552,0.06103916093707085,2.279414653778076,-2.517554521560669,2.3752329349517822,-1.0157537460327148,0.7049990892410278,-0.09798790514469147,0.6649112701416016,-0.9026678800582886,0.6814450621604919,0.3947122097015381,0.28076058626174927,0.34276866912841797,-0.20021972060203552,0.23007813096046448,0.26113149523735046,-0.6993632316589355,-0.23043616116046906,-0.13443225622177124,0.19920139014720917,-0.5294159054756165,0.27035650610923767,0.30297455191612244,-0.03641822934150696,-0.2159971296787262,0.045080021023750305,-0.08276357501745224,0.14975307881832123,-0.4654521346092224,-0.02293483354151249,-0.3507058620452881,0.1573166847229004,-0.1927979588508606,0.4971933364868164,-0.046096883714199066,-0.4101836085319519,-0.009197345934808254,-0.708744466304779,0.3964596688747406,-0.6475608348846436,1.0344853401184082,-0.016194384545087814,0.2394840121269226,0.17323806881904602,0.7980302572250366,0.024307699874043465,1.4022915363311768,-1.4285939931869507,0.1301475465297699,-1.0375789403915405,1.5318999290466309,-1.1629143953323364,-0.21887622773647308,0.62964624,0.62203026
6,-2.8016622066497803,1.9150928258895874,-0.4412776231765747,2.883518934249878,-2.1848747730255127,3.3785932064056396,1.3497161865234375,-1.0564773082733154,-0.28232094645500183,-1.8373380899429321,0.7278953790664673,-0.7752397060394287,0.8214430212974548,-0.9233299493789673,-0.5708526372909546,-1.165858268737793,0.0760393887758255,-1.2146108150482178,-1.9489346742630005,1.7708216905593872,-0.6109896302223206,2.1377217769622803,-2.29142165184021,1.6498897075653076,2.543389081954956,-2.238874912261963,-0.06622464954853058,-2.8589658737182617,1.6531506776809692,-4.341042995452881,1.738358974456787,-0.9790605306625366,-0.1788414716720581,-0.9857053160667419,1.338425874710083,-2.1598987579345703,0.8470785617828369,-1.2698824405670166,-0.404472678899765,-1.7901389598846436,0.14487603306770325,-1.4888886213302612,1.0709457397460938,-2.03928542137146,-0.5130912661552429,-2.4176764488220215,0.7201254367828369,-2.000370979309082,-1.9276047945022583,0.13670849800109863,-0.269304096698761,0.27855798602104187,-2.05562162399292,0.8205649256706238,0.40270325541496277,0.027551857754588127,-0.4637150168418884,-0.8443752527236938,0.12876476347446442,-0.1574956476688385,3.000882625579834,-2.1033833026885986,-0.2536734640598297,-3.336534023284912,2.4135560989379883,-2.9769840240478516,-1.2156879901885986,1.0745463371276855,-0.4228600263595581,1.188772439956665,-0.6996329426765442,1.473928689956665,-2.9812872409820557,2.867818593978882,-0.2530069351196289,3.93605375289917,-2.759612798690796,3.389922618865967,1.6263651847839355,-0.6776504516601562,-0.572731614112854,-1.3478819131851196,1.0356905460357666,-1.150879979133606,2.1933627128601074,-1.6308363676071167,-0.4331952929496765,-2.5449941158294678,1.4123040437698364,-2.3187777996063232,0.48249226808547974,-0.9339354038238525,-0.021665476262569427,-1.044891119003296,0.9516831040382385,-1.0949634313583374,0.16986031830310822,0.12698066234588623,0.31848859786987305,0.23719750344753265,-0.3019433617591858,0.25156134366989136,-0.09237081557512283,0.084666907787323,-0.2158714234828949,-0.34377521276474,0.0830351933836937,0.015605351887643337,0.9080333113670349,0.05934099853038788,-0.08624258637428284,0.05101437121629715,0.9206962585449219,0.5676941871643066,0.888574481010437,-0.338983952999115,0.270920068025589,-0.7241777181625366,0.6519302129745483,-0.7433194518089294,-1.1408488750457764,0.630224347114563,-0.10457155108451843,0.8387906551361084,-0.7028525471687317,1.2866472005844116,2.457622766494751,-1.888053297996521,-0.23260322213172913,-2.5197947025299072,1.745105266571045,-3.404263734817505,-1.5601489543914795,0.8262529373168945,-0.24566711485385895,1.3099298477172852,-1.3608131408691406,1.6125679016113281,-0.6453338861465454,0.5050737857818604,-0.38829973340034485,0.4531588554382324,-0.18189752101898193,1.0925872325897217,2.0483946800231934,-1.906003713607788,-0.18787266314029694,-1.8068653345108032,1.2350518703460693,-2.360994815826416,-3.9514219760894775,2.350399971008301,-0.3614383935928345,3.0584633350372314,-2.5798463821411133,3.1408660411834717,-2.0634407997131348,0.7151418328285217,-0.14036673307418823,1.4519456624984741,-1.7835865020751953,1.2855150699615479,-1.4548836946487427,0.317558616399765,-0.32306379079818726,0.68479323387146,-1.4282383918762207,0.9398527145385742,-2.6709344387054443,0.4013889729976654,-0.6956387758255005,1.5258855819702148,-1.770592451095581,1.2452723979949951,0.976820707321167,-1.190918207168579,-0.4669196307659149,-1.8695733547210693,0.9001255035400391,-1.2282167673110962,0.06868328154087067,-0.7356475591659546,-0.22833295166492462,0.19875070452690125,0.005326973274350166,0.24905440211296082,-2.79377818107605,1.501238226890564,-0.5035289525985718,2.456176996231079,-2.388540506362915,3.2877464294433594,0.5330575108528137,-1.1188476085662842,-0.49511852860450745,-0.8096566796302795,0.7733039855957031,-0.9925618171691895,3.331279754638672,-2.9253978729248047,-0.22829857468605042,-3.3969292640686035,2.831834077835083,-3.7232532501220703,-1.9637682437896729,0.6416022181510925,-0.4143642783164978,1.1645163297653198,-1.109915852546692,0.9302682876586914,-2.57367205619812,1.1499460935592651,0.05466753616929054,2.3555870056152344,-2.666699171066284,2.511073589324951,-1.0619040727615356,0.7516427040100098,-0.10598474740982056,0.7344072461128235,-0.88307785987854,0.7173764109611511,0.40875282883644104,0.2790311872959137,0.3429516553878784,-0.19825853407382965,0.24085725843906403,0.262484073638916,-0.7549946308135986,-0.2753315269947052,-0.13613927364349365,0.1668235808610916,-0.5532196760177612,0.2572532892227173,0.37532469630241394,-0.04754974693059921,-0.21784859895706177,0.05978105589747429,-0.031835589557886124,0.1971827894449234,-0.5133002400398254,-0.04002807289361954,-0.35103070735931396,0.15779072046279907,-0.210916206240654,0.522979199886322,-0.02799984999001026,-0.4619987905025482,-0.01049385592341423,-0.8116985559463501,0.38905853033065796,-0.7159676551818848,1.0823442935943604,-0.025667551904916763,0.2214740663766861,0.14625327289104462,0.8170520067214966,-0.017153678461909294,1.3612353801727295,-1.434962272644043,0.13265611231327057,-1.0118091106414795,1.502113938331604,-1.1272433996200562,-0.2576513886451721,0.629023,0.6211046
7,-3.007072925567627,1.979980707168579,-0.4487984776496887,3.004610300064087,-2.364628314971924,3.5806846618652344,1.4848670959472656,-1.0714811086654663,-0.2881857752799988,-1.945698618888855,0.8093470335006714,-0.7685821056365967,0.9547620415687561,-0.9327914118766785,-0.5755615830421448,-1.2289565801620483,0.08886019885540009,-1.335760474205017,-2.068946599960327,1.9046218395233154,-0.6208986043930054,2.265683889389038,-2.496979236602783,1.7620735168457031,2.7278175354003906,-2.250744104385376,-0.07395295798778534,-2.9274563789367676,1.7022154331207275,-4.600997447967529,1.8778818845748901,-1.0039989948272705,-0.18226465582847595,-0.9995304346084595,1.4196680784225464,-2.305271863937378,0.8762511014938354,-1.3105366230010986,-0.40842050313949585,-1.8638876676559448,0.1310838907957077,-1.5882130861282349,1.1699434518814087,-2.1228578090667725,-0.5184870362281799,-2.5172669887542725,0.733742356300354,-2.0186328887939453,-2.049213171005249,0.06492041051387787,-0.2781057357788086,0.27742138504981995,-2.2079005241394043,0.7845038175582886,0.4856111705303192,0.07643261551856995,-0.47116923332214355,-0.8871553540229797,0.10590530186891556,-0.09738186001777649,3.1824467182159424,-2.1760995388031006,-0.25644782185554504,-3.525876045227051,2.549725294113159,-3.0774333477020264,-1.2668629884719849,1.146651029586792,-0.43006014823913574,1.3070605993270874,-0.7695319056510925,1.5383491516113281,-3.1424193382263184,2.970775842666626,-0.2644367516040802,4.075898170471191,-2.9349100589752197,3.526057243347168,1.731473445892334,-0.6762340664863586,-0.5771682858467102,-1.4119590520858765,1.0692397356033325,-1.1968826055526733,2.2916512489318848,-1.6380114555358887,-0.43350303173065186,-2.667405366897583,1.4609079360961914,-2.4348654747009277,0.5588436722755432,-0.9660062789916992,-0.025071529671549797,-1.0981162786483765,1.007912039756775,-1.127539038658142,0.17554190754890442,0.13576769828796387,0.31830835342407227,0.248575359582901,-0.3002929091453552,0.26750054955482483,-0.13290399312973022,0.12164733558893204,-0.2182355374097824,-0.35701221227645874,0.050569936633110046,0.043757542967796326,0.9777868390083313,0.09357043355703354,-0.08701461553573608,0.08669595420360565,0.9542002081871033,0.6138041019439697,0.9762594103813171,-0.30277174711227417,0.269936203956604,-0.7297171950340271,0.7110778093338013,-0.7792573571205139,-1.281021237373352,0.6403669714927673,-0.10684812813997269,0.8820993304252625,-0.7403917908668518,1.331815481185913,2.6415767669677734,-1.97990882396698,-0.23395101726055145,-2.6003305912017822,1.9137117862701416,-3.5977566242218018,-1.7193799018859863,0.8535105586051941,-0.25004857778549194,1.3649466037750244,-1.4616320133209229,1.7054009437561035,-0.679983377456665,0.5453999638557434,-0.3907426595687866,0.49529963731765747,-0.2155960351228714,1.1742000579833984,2.2121951580047607,-1.9892350435256958,-0.1873985081911087,-1.905033826828003,1.3521146774291992,-2.4840848445892334,-4.1866984367370605,2.434354782104492,-0.36854854226112366,3.162492036819458,-2.701997995376587,3.1954143047332764,-2.2509496212005615,0.7283386588096619,-0.14538848400115967,1.5431605577468872,-1.781378984451294,1.330391526222229,-1.5034352540969849,0.31883707642555237,-0.32787826657295227,0.6915197372436523,-1.497314691543579,0.9851527214050293,-2.809452772140503,0.3525514602661133,-0.7020142078399658,1.5478477478027344,-1.8588005304336548,1.3009225130081177,1.08436918258667,-1.247316598892212,-0.47288116812705994,-1.931748628616333,0.9396989345550537,-1.232455849647522,0.12474830448627472,-0.7790782451629639,-0.23206646740436554,0.2060978263616562,0.036118283867836,0.2823944687843323,-3.028583526611328,1.5157321691513062,-0.5102187991142273,2.5359675884246826,-2.51558780670166,3.475520372390747,0.5749865174293518,-1.1764577627182007,-0.49570295214653015,-0.8359655737876892,0.9651111960411072,-1.0428858995437622,3.477959394454956,-3.0188004970550537,-0.22915199398994446,-3.435225009918213,3.0304620265960693,-3.934622287750244,-2.0925631523132324,0.670434832572937,-0.4175006151199341,1.2027453184127808,-1.1308214664459229,0.9703373312950134,-2.6991965770721436,1.2029173374176025,0.04921207204461098,2.4191975593566895,-2.7951149940490723,2.64068603515625,-1.1051429510116577,0.7895443439483643,-0.11281143128871918,0.8077880144119263,-0.8586718440055847,0.7448622584342957,0.42320117354393005,0.2773187756538391,0.34313786029815674,-0.19624240696430206,0.2513178586959839,0.2646269202232361,-0.803313136100769,-0.31320756673812866,-0.137501060962677,0.14461377263069153,-0.5690460801124573,0.24792249500751495,0.44214940071105957,-0.055896975100040436,-0.2194555103778839,0.0737822875380516,0.014465275220572948,0.24713456630706787,-0.5589291453361511,-0.05482512339949608,-0.3511961102485657,0.16376101970672607,-0.2205221801996231,0.5445970296859741,-0.009450208395719528,-0.5080199837684631,-0.011656643822789192,-0.9081760048866272,0.37797805666923523,-0.7736690044403076,1.1220672130584717,-0.02669680118560791,0.20586228370666504,0.12491962313652039,0.8381222486495972,-0.05721638351678848,1.3364769220352173,-1.4465150833129883,0.1328807771205902,-0.991213321685791,1.4831464290618896,-1.096911907196045,-0.2867138683795929,0.6284247,0.620796
8,-3.186624526977539,2.032456874847412,-0.455363005399704,3.1060585975646973,-2.529420852661133,3.7596468925476074,1.5976001024246216,-1.0813887119293213,-0.29355305433273315,-2.050900936126709,0.8807678818702698,-0.7586432695388794,1.0784430503845215,-0.939235270023346,-0.5797907114028931,-1.2850172519683838,0.09529026597738266,-1.4461275339126587,-2.17213773727417,2.02443528175354,-0.6296319365501404,2.377678394317627,-2.6926662921905518,1.8643313646316528,2.895012855529785,-2.2561540603637695,-0.08101071417331696,-2.98399019241333,1.7337214946746826,-4.839371204376221,2.003709554672241,-1.0271936655044556,-0.18533100187778473,-1.0098732709884644,1.4870370626449585,-2.442365884780884,0.9049028754234314,-1.3451966047286987,-0.4120119512081146,-1.9239839315414429,0.11757272481918335,-1.6849515438079834,1.2582056522369385,-2.1995973587036133,-0.5233291983604431,-2.608912229537964,0.7408455610275269,-2.0286436080932617,-2.1495022773742676,-0.0017979016993194818,-0.285823792219162,0.28824421763420105,-2.352426290512085,0.7504281401634216,0.5649420619010925,0.12637080252170563,-0.4778166115283966,-0.9381531476974487,0.08035430312156677,-0.03383158892393112,3.3385796546936035,-2.238478899002075,-0.25897642970085144,-3.706883192062378,2.6639819145202637,-3.1554312705993652,-1.3117862939834595,1.207281470298767,-0.43637555837631226,1.4115309715270996,-0.837451159954071,1.5963783264160156,-3.2804365158081055,3.0590171813964844,-0.27444708347320557,4.197596549987793,-3.09816312789917,3.64632511138916,1.8252288103103638,-0.6750418543815613,-0.5810831785202026,-1.4765586853027344,1.0916223526000977,-1.2342557907104492,2.371175765991211,-1.6374322175979614,-0.43380504846572876,-2.785489082336426,1.5045886039733887,-2.546273946762085,0.6324439644813538,-0.9917815327644348,-0.028061900287866592,-1.1474928855895996,1.0548877716064453,-1.1534595489501953,0.18151548504829407,0.14408130943775177,0.3181486129760742,0.2592814862728119,-0.29748812317848206,0.28323474526405334,-0.1715751439332962,0.15839886665344238,-0.22032256424427032,-0.371636301279068,0.018420498818159103,0.06777394562959671,1.0353642702102661,0.12336412817239761,-0.08764787018299103,0.11628906428813934,0.9842082858085632,0.6501660943031311,1.0563603639602661,-0.264047771692276,0.26902422308921814,-0.7326329946517944,0.767204761505127,-0.8163987994194031,-1.4089397192001343,0.6470721960067749,-0.10877799987792969,0.9178524613380432,-0.7658364772796631,1.3700592517852783,2.8032889366149902,-2.0645811557769775,-0.23524396121501923,-2.6577534675598145,2.064769744873047,-3.779414653778076,-1.8672038316726685,0.8752847909927368,-0.2536739706993103,1.4147419929504395,-1.54976487159729,1.7870203256607056,-0.7127381563186646,0.5860004425048828,-0.39273369312286377,0.5319867134094238,-0.24791064858436584,1.2461702823638916,2.360095977783203,-2.063239336013794,-0.18684090673923492,-1.995901107788086,1.4535466432571411,-2.5985429286956787,-4.395671367645264,2.5134708881378174,-0.37454572319984436,3.2545006275177,-2.8019859790802,3.2474570274353027,-2.428431510925293,0.7363989353179932,-0.1496848165988922,1.6323883533477783,-1.7655274868011475,1.3685661554336548,-1.5400340557098389,0.3193681538105011,-0.3321410119533539,0.701831579208374,-1.5609983205795288,1.0285922288894653,-2.9308695793151855,0.3015337586402893,-0.7074788212776184,1.5726463794708252,-1.9378135204315186,1.350687026977539,1.1895562410354614,-1.301274061203003,-0.47813549637794495,-1.9868699312210083,0.9646372199058533,-1.2314478158950806,0.1762809157371521,-0.823337733745575,-0.2352711409330368,0.21250870823860168,0.06512094289064407,0.316735178232193,-3.2446722984313965,1.5190194845199585,-0.5158814191818237,2.601912260055542,-2.6189124584198,3.6491801738739014,0.6043716669082642,-1.2296745777130127,-0.4961148500442505,-0.8567298650741577,1.1555085182189941,-1.0830087661743164,3.5975911617279053,-3.1028971672058105,-0.22982746362686157,-3.4565117359161377,3.206237316131592,-4.136435508728027,-2.2193901538848877,0.6980586051940918,-0.42010498046875,1.2362618446350098,-1.1338224411010742,1.0080939531326294,-2.804811477661133,1.2538928985595703,0.04447850584983826,2.4721972942352295,-2.907773494720459,2.76517915725708,-1.1441841125488281,0.819717288017273,-0.11878062039613724,0.8846656084060669,-0.8311042785644531,0.7672007083892822,0.43802329897880554,0.2755872905254364,0.34331971406936646,-0.19420666992664337,0.2615017294883728,0.26745671033859253,-0.8452468514442444,-0.3460206389427185,-0.13863685727119446,0.13103768229484558,-0.5788892507553101,0.2402162104845047,0.5031114816665649,-0.0625709742307663,-0.2208770364522934,0.08593250811100006,0.056727662682533264,0.2968835234642029,-0.6029457449913025,-0.06794878840446472,-0.35127443075180054,0.1738552451133728,-0.2232619673013687,0.5618889927864075,0.00976923480629921,-0.5495904088020325,-0.012722010724246502,-0.9998325109481812,0.3640501797199249,-0.8226028084754944,1.1535505056381226,-0.020513487979769707,0.19198475778102875,0.10763086378574371,0.8610022068023682,-0.09523557126522064,1.3204163312911987,-1.4624086618423462,0.13093261420726776,-0.9739812016487122,1.4717873334884644,-1.0710557699203491,-0.3086232841014862,0.62810063,0.6204875
9,-3.345712423324585,2.075730323791504,-0.4611559808254242,3.1929876804351807,-2.6824519634246826,3.9196105003356934,1.6916193962097168,-1.087446928024292,-0.29850253462791443,-2.1530847549438477,0.9463279843330383,-0.749076783657074,1.1935019493103027,-0.94298255443573,-0.5836174488067627,-1.3364201784133911,0.09802152216434479,-1.5475646257400513,-2.2614550590515137,2.133404016494751,-0.6373571753501892,2.476422071456909,-2.8781578540802,1.959112286567688,3.0482728481292725,-2.2564504146575928,-0.08749236166477203,-3.0333855152130127,1.7521246671676636,-5.058836936950684,2.1186962127685547,-1.0487383604049683,-0.18815560638904572,-1.0192468166351318,1.5422133207321167,-2.571265459060669,0.9328768253326416,-1.3747433423995972,-0.4153178334236145,-1.971235752105713,0.1054234653711319,-1.7806954383850098,1.336902379989624,-2.2710468769073486,-0.5277456641197205,-2.693899393081665,0.7451287508010864,-2.0340259075164795,-2.2315468788146973,-0.06452680379152298,-0.2927027940750122,0.3099976181983948,-2.4904398918151855,0.7179091572761536,0.6395455598831177,0.17749856412410736,-0.4838045537471771,-0.9961789846420288,0.05485553666949272,0.03035101108253002,3.473968744277954,-2.2926385402679443,-0.2613178491592407,-3.882503032684326,2.763514518737793,-3.216507911682129,-1.3511029481887817,1.2589725255966187,-0.44199877977371216,1.5035171508789062,-0.9041218757629395,1.6512994766235352,-3.4011454582214355,3.136044979095459,-0.2833043336868286,4.305329322814941,-3.249964952468872,3.754532814025879,1.9102418422698975,-0.6740798354148865,-0.5845947861671448,-1.5425097942352295,1.1063450574874878,-1.2638849020004272,2.435321569442749,-1.6297149658203125,-0.43412888050079346,-2.899597406387329,1.5470303297042847,-2.65346622467041,0.7028242349624634,-1.0124644041061401,-0.030766956508159637,-1.1934444904327393,1.095252275466919,-1.1752763986587524,0.18757793307304382,0.1520714908838272,0.31800568103790283,0.2694793939590454,-0.2936316430568695,0.2988743782043457,-0.2081937938928604,0.19498057663440704,-0.22218504548072815,-0.38701125979423523,-0.01396622508764267,0.0877082347869873,1.0839289426803589,0.14989598095417023,-0.08819492906332016,0.14184243977069855,1.0124001502990723,0.6780602335929871,1.1294249296188354,-0.22316186130046844,0.2681710720062256,-0.7338286638259888,0.8204062581062317,-0.8549997806549072,-1.5257043838500977,0.651990532875061,-0.1104375496506691,0.9483970999717712,-0.7819675207138062,1.403695821762085,2.947946548461914,-2.145097017288208,-0.23654207587242126,-2.6964704990386963,2.200636863708496,-3.951525926589966,-2.005535364151001,0.8924506902694702,-0.2567582130432129,1.461341381072998,-1.6259369850158691,1.8595881462097168,-0.7435616254806519,0.6275137662887573,-0.394417941570282,0.5632776021957397,-0.2794536054134369,1.3107092380523682,2.4953484535217285,-2.129565954208374,-0.18631409108638763,-2.0825202465057373,1.5420160293579102,-2.705134630203247,-4.583396911621094,2.5897035598754883,-0.37972208857536316,3.3356871604919434,-2.8852224349975586,3.300349712371826,-2.596870183944702,0.7403857111930847,-0.15347300469875336,1.7200590372085571,-1.7414284944534302,1.40179443359375,-1.5676325559616089,0.3184070587158203,-0.33595001697540283,0.7150510549545288,-1.6210511922836304,1.0695884227752686,-3.0382020473480225,0.24855205416679382,-0.712270200252533,1.6007853746414185,-2.0104503631591797,1.396358609199524,1.2929655313491821,-1.3543293476104736,-0.4828924834728241,-2.035698890686035,0.9767048358917236,-1.2268915176391602,0.22282171249389648,-0.8683283925056458,-0.23810292780399323,0.21747885644435883,0.09334353357553482,0.3524490296840668,-3.445857048034668,1.5141327381134033,-0.5207687020301819,2.65702223777771,-2.7027499675750732,3.813420057296753,0.6234354972839355,-1.2796521186828613,-0.49650415778160095,-0.8743903040885925,1.3429652452468872,-1.1140942573547363,3.696676015853882,-3.1804800033569336,-0.2304641157388687,-3.465421199798584,3.363394021987915,-4.330029010772705,-2.3457677364349365,0.7252251505851746,-0.4223608374595642,1.2653595209121704,-1.1212258338928223,1.0456966161727905,-2.8955345153808594,1.3038544654846191,0.04033835604786873,2.5161163806915283,-3.0078318119049072,2.885054588317871,-1.1784363985061646,0.8428632020950317,-0.12409340590238571,0.9643768668174744,-0.8019496202468872,0.7867125868797302,0.4531674087047577,0.27380886673927307,0.3434918522834778,-0.19217011332511902,0.2714504599571228,0.27086713910102844,-0.8814014196395874,-0.3750429153442383,-0.13962315022945404,0.12477564066648483,-0.5842840671539307,0.2330404818058014,0.5582219362258911,-0.06802123039960861,-0.22214926779270172,0.09577050060033798,0.09559006243944168,0.34472525119781494,-0.6450384259223938,-0.07965443283319473,-0.3513064384460449,0.18694955110549927,-0.22078600525856018,0.5753645896911621,0.029674183577299118,-0.5876550078392029,-0.013710715807974339,-1.0876966714859009,0.3480091094970703,-0.8642626404762268,1.177656888961792,-0.008099403232336044,0.179441437125206,0.09292814880609512,0.8859624862670898,-0.1308843046426773,1.308983325958252,-1.482114553451538,0.12709756195545197,-0.9592015743255615,1.4647033214569092,-1.0489827394485474,-0.32503029704093933,0.6279012,0.6214132
10,-3.4882118701934814,2.1120219230651855,-0.46630042791366577,3.2689855098724365,-2.8259406089782715,4.063563823699951,1.7699846029281616,-1.0903667211532593,-0.3030831813812256,-2.251781940460205,1.0085917711257935,-0.7421450614929199,1.3005993366241455,-0.9441399574279785,-0.5870924592018127,-1.384413242340088,0.09909319132566452,-1.641610026359558,-2.339747667312622,2.2338693141937256,-0.6442180871963501,2.5641651153564453,-3.0532121658325195,2.047833204269409,3.1896603107452393,-2.2526261806488037,-0.09345773607492447,-3.078734874725342,1.7612054347991943,-5.261711597442627,2.224963426589966,-1.0684500932693481,-0.19079698622226715,-1.0293046236038208,1.5868420600891113,-2.692268133163452,0.9599848985671997,-1.3998987674713135,-0.41837283968925476,-2.0063090324401855,0.0951802134513855,-1.8763619661331177,1.4070552587509155,-2.338204860687256,-0.5318164229393005,-2.7726891040802,0.7489071488380432,-2.0372488498687744,-2.298030138015747,-0.12405773252248764,-0.2988916337490082,0.3417140543460846,-2.62260103225708,0.6865085363388062,0.7088680267333984,0.2300434708595276,-0.4892269968986511,-1.059704303741455,0.03137250244617462,0.09297209233045578,3.5919172763824463,-2.3398704528808594,-0.26351186633110046,-4.054128170013428,2.8533504009246826,-3.2647972106933594,-1.3854246139526367,1.30364990234375,-0.4470506012439728,1.5839548110961914,-0.9695307612419128,1.7052513360977173,-3.508906126022339,3.204181671142578,-0.29118281602859497,4.401845932006836,-3.3905458450317383,3.853287696838379,1.9883766174316406,-0.673327624797821,-0.58778977394104,-1.6101270914077759,1.1159180402755737,-1.2866253852844238,2.486755847930908,-1.6151868104934692,-0.43448373675346375,-3.009740114212036,1.5901298522949219,-2.7568695545196533,0.7696714401245117,-1.0287879705429077,-0.033264320343732834,-1.235874891281128,1.131203293800354,-1.1949880123138428,0.19361764192581177,0.1598653495311737,0.31787529587745667,0.2792975902557373,-0.2888166308403015,0.31447869539260864,-0.24236999452114105,0.2314477264881134,-0.22385956346988678,-0.402516633272171,-0.04719929024577141,0.10369404405355453,1.1256651878356934,0.1740042269229889,-0.0886906236410141,0.16495634615421295,1.0394554138183594,0.6985998153686523,1.1961638927459717,-0.18031412363052368,0.2673726975917816,-0.7338516712188721,0.8707720041275024,-0.8951689004898071,-1.6323177814483643,0.6561795473098755,-0.11188188195228577,0.9753817319869995,-0.7909851670265198,1.4342631101608276,3.0792386531829834,-2.2236337661743164,-0.23786847293376923,-2.7196550369262695,2.322603940963745,-4.115556716918945,-2.1359567642211914,0.9056458473205566,-0.2594432234764099,1.5058506727218628,-1.6911685466766357,1.924870491027832,-0.7723307013511658,0.6703367829322815,-0.39589715003967285,0.5891228318214417,-0.3108489215373993,1.3697752952575684,2.620509147644043,-2.189279317855835,-0.18588785827159882,-2.1670608520507812,1.6193437576293945,-2.8041269779205322,-4.753707408905029,2.6642541885375977,-0.38427478075027466,3.4070236682891846,-2.95558500289917,3.3556220531463623,-2.7567386627197266,0.7410703897476196,-0.15689696371555328,1.8066352605819702,-1.713126540184021,1.431005835533142,-1.5884753465652466,0.3155253827571869,-0.33937332034111023,0.7305002808570862,-1.678774356842041,1.1079201698303223,-3.1337056159973145,0.19368760287761688,-0.7165510058403015,1.6322318315505981,-2.078648328781128,1.4389549493789673,1.394822120666504,-1.4077166318893433,-0.4872820973396301,-2.078843355178833,0.9774298071861267,-1.2199956178665161,0.2640315294265747,-0.913923978805542,-0.2406642884016037,0.2205839455127716,0.12147042155265808,0.3897511065006256,-3.6348979473114014,1.5030726194381714,-0.5250641703605652,2.703287363052368,-2.7705800533294678,3.971139430999756,0.6341814398765564,-1.3272089958190918,-0.4969617426395416,-0.890335738658905,1.526131510734558,-1.1371724605560303,3.7800161838531494,-3.253462076187134,-0.23114719986915588,-3.4651663303375244,3.504852771759033,-4.515982151031494,-2.4720706939697266,0.7524217963218689,-0.42437854409217834,1.2903661727905273,-1.095415472984314,1.084412932395935,-2.975059747695923,1.3537613153457642,0.03669610619544983,2.5520784854888916,-3.0973548889160156,3.000518560409546,-1.2077630758285522,0.8594287037849426,-0.12888258695602417,1.0462877750396729,-0.7725639939308167,0.8048248887062073,0.4685753285884857,0.2719544768333435,0.34365320205688477,-0.19015036523342133,0.28120341897010803,0.2747614085674286,-0.9122194647789001,-0.40113818645477295,-0.14050981402397156,0.1247316300868988,-0.5864712595939636,0.22591248154640198,0.6077398657798767,-0.07233986258506775,-0.22329911589622498,0.10315508395433426,0.13149845600128174,0.3897095322608948,-0.6844667792320251,-0.08999648690223694,-0.3513261675834656,0.20227454602718353,-0.21474109590053558,0.5857672691345215,0.05018407478928566,-0.6229056715965271,-0.014635125175118446,-1.172350287437439,0.33048754930496216,-0.8998572826385498,1.1956416368484497,0.009757370688021183,0.1679796278476715,0.07972688227891922,0.9131177067756653,-0.16417469084262848,1.3000478744506836,-1.5052490234375,0.12170719355344772,-0.9464894533157349,1.459256649017334,-1.0300308465957642,-0.3371087908744812,0.6280258,0.6214132
11,-3.6170411109924316,2.142916679382324,-0.4708946943283081,3.3365519046783447,-2.9615447521209717,4.193872928619385,1.8352313041687012,-1.0905637741088867,-0.30733102560043335,-2.3463447093963623,1.0689411163330078,-0.7391220927238464,1.4002351760864258,-0.9427103996276855,-0.5902555584907532,-1.4295393228530884,0.09994789212942123,-1.7295856475830078,-2.4094619750976562,2.3276357650756836,-0.6503191590309143,2.642781972885132,-3.2177999019622803,2.131350040435791,3.320610284805298,-2.245436668395996,-0.09895385801792145,-3.1218228340148926,1.764121651649475,-5.44978141784668,2.324019193649292,-1.086027979850769,-0.1932940036058426,-1.041223406791687,1.6225017309188843,-2.8057496547698975,0.9861034154891968,-1.4212287664413452,-0.4212031364440918,-2.029877185821533,0.08692637085914612,-1.9724892377853394,1.4695662260055542,-2.4016964435577393,-0.5356018543243408,-2.8453314304351807,0.7534188628196716,-2.03993821144104,-2.3515141010284424,-0.18095576763153076,-0.30450475215911865,0.38241681456565857,-2.749250650405884,0.6558476090431213,0.7728646993637085,0.28429123759269714,-0.4941630959510803,-1.1273198127746582,0.011037570424377918,0.15249915421009064,3.695024013519287,-2.3810133934020996,-0.26557543873786926,-4.222426891326904,2.9367971420288086,-3.303283214569092,-1.415346622467041,1.3427982330322266,-0.451620489358902,1.6535676717758179,-1.0333181619644165,1.7596333026885986,-3.606837272644043,3.2649881839752197,-0.2982243299484253,4.489280700683594,-3.5202267169952393,3.944550037384033,2.0610225200653076,-0.6727695465087891,-0.5907023549079895,-1.6794332265853882,1.1220983266830444,-1.303305745124817,2.5278313159942627,-1.594024658203125,-0.43487492203712463,-3.115699529647827,1.6345281600952148,-2.8568344116210938,0.8327913284301758,-1.0412760972976685,-0.035604216158390045,-1.2745413780212402,1.164443850517273,-1.2139910459518433,0.19958198070526123,0.16757600009441376,0.3177593946456909,0.2888256013393402,-0.28314611315727234,0.3300776481628418,-0.2736886441707611,0.2678225040435791,-0.22537514567375183,-0.4175755977630615,-0.08178374171257019,0.11593621969223022,1.1621991395950317,0.19627422094345093,-0.08915597945451736,0.18685157597064972,1.0654300451278687,0.71275794506073,1.257311224937439,-0.13561175763607025,0.26662391424179077,-0.7330029010772705,0.918387234210968,-0.9369092583656311,-1.7296960353851318,0.6602944135665894,-0.11314955353736877,0.9999701380729675,-0.7946503162384033,1.4628514051437378,3.199816942214966,-2.3019230365753174,-0.2392324060201645,-2.7297797203063965,2.4315600395202637,-4.272661209106445,-2.25970196723938,0.9153767228126526,-0.2618285119533539,1.5488286018371582,-1.7467005252838135,1.9843077659606934,-0.7989038825035095,0.7147082090377808,-0.3972316384315491,0.6095482707023621,-0.34264567494392395,1.4249483346939087,2.7375924587249756,-2.2432737350463867,-0.18559767305850983,-2.251094102859497,1.6867371797561646,-2.8955326080322266,-4.909543991088867,2.737889528274536,-0.3883291482925415,3.4693665504455566,-3.01587176322937,3.4136414527893066,-2.908153533935547,0.7389421463012695,-0.16004714369773865,1.8925564289093018,-1.683541178703308,1.4566184282302856,-1.6043517589569092,0.31047379970550537,-0.3424592614173889,0.7476038932800293,-1.7351508140563965,1.1436026096343994,-3.219240188598633,0.13698247075080872,-0.7204386591911316,1.6667075157165527,-2.143725633621216,1.4789341688156128,1.4951387643814087,-1.462388515472412,-0.49137982726097107,-2.1168739795684814,0.9681986570358276,-1.2115347385406494,0.29976028203964233,-0.9599520564079285,-0.24301865696907043,0.22153551876544952,0.149900421500206,0.4286883771419525,-3.813667058944702,1.4872074127197266,-0.5288957357406616,2.742211103439331,-2.8252527713775635,4.124223709106445,0.6384496092796326,-1.373051404953003,-0.4975278079509735,-0.9053888320922852,1.7038724422454834,-1.153212070465088,3.851104736328125,-3.3232243061065674,-0.23191776871681213,-3.4580774307250977,3.633019208908081,-4.694563865661621,-2.5979459285736084,0.7799496650695801,-0.42622628808021545,1.3116892576217651,-1.0588397979736328,1.1247650384902954,-3.0461225509643555,1.4045665264129639,0.03347793221473694,2.581028461456299,-3.177868604660034,3.1116130352020264,-1.2323002815246582,0.8696938753128052,-0.13323573768138885,1.1298305988311768,-0.7439666986465454,0.8223062753677368,0.4841964542865753,0.269998162984848,0.34380394220352173,-0.18816901743412018,0.29079896211624146,0.2790658175945282,-0.9381669759750366,-0.4249235987663269,-0.141328364610672,0.1300065517425537,-0.5865146517753601,0.21863685548305511,0.6520735025405884,-0.07545903325080872,-0.22434553503990173,0.10808142274618149,0.16468608379364014,0.4314190447330475,-0.7204160690307617,-0.09895824640989304,-0.3513515889644623,0.2193841189146042,-0.20668958127498627,0.5937445163726807,0.07116950303316116,-0.6559043526649475,-0.015502599067986012,-1.2541776895523071,0.3119641840457916,-0.9303684830665588,1.2087970972061157,0.03242241591215134,0.15743350982666016,0.0671769231557846,0.9423717856407166,-0.19538931548595428,1.2925587892532349,-1.5314868688583374,0.1150839626789093,-0.9357049465179443,1.4536749124526978,-1.0135743618011475,-0.34573736786842346,0.62805074,0.62264735
12,-3.7344539165496826,2.1695821285247803,-0.4750133156776428,3.397474765777588,-3.090550184249878,4.312540531158447,1.8895201683044434,-1.0883204936981201,-0.3112729787826538,-2.4361424446105957,1.1280529499053955,-0.7406067252159119,1.4927831888198853,-0.9386811256408691,-0.5931472778320312,-1.4720183610916138,0.10156077146530151,-1.8126041889190674,-2.4727001190185547,2.4160733222961426,-0.655754566192627,2.7139339447021484,-3.372098684310913,2.210139513015747,3.442155361175537,-2.235541582107544,-0.10401789098978043,-3.163804769515991,1.7633894681930542,-5.624663352966309,2.4170053005218506,-1.1010501384735107,-0.19566792249679565,-1.0558680295944214,1.650734782218933,-2.9121437072753906,1.0112292766571045,-1.4392495155334473,-0.42382824420928955,-2.042581081390381,0.08047713339328766,-2.069248676300049,1.5252670049667358,-2.4619662761688232,-0.5391302704811096,-2.9117696285247803,0.7592143416404724,-2.0431313514709473,-2.3941993713378906,-0.2355910688638687,-0.30962756276130676,0.43116265535354614,-2.870560646057129,0.6256188154220581,0.831859290599823,0.34054625034332275,-0.49866577982902527,-1.1977853775024414,-0.00567099591717124,0.20799744129180908,3.7854087352752686,-2.4167392253875732,-0.2675268054008484,-4.387641906738281,3.015881299972534,-3.334170341491699,-1.4414223432540894,1.377587914466858,-0.4557756781578064,1.7129137516021729,-1.0950562953948975,1.8153622150421143,-3.697209119796753,3.3194591999053955,-0.3045353293418884,4.568906784057617,-3.6394577026367188,4.029853820800781,2.12923526763916,-0.6724123954772949,-0.5933962464332581,-1.7502617835998535,1.1261379718780518,-1.3146724700927734,2.5606017112731934,-1.566380500793457,-0.4353047013282776,-3.2172200679779053,1.6800318956375122,-2.9537172317504883,0.8920761942863464,-1.0502426624298096,-0.03781970590353012,-1.3092752695083618,1.1961666345596313,-1.2331467866897583,0.20545077323913574,0.17530381679534912,0.31764933466911316,0.2981317937374115,-0.2767372727394104,0.34567853808403015,-0.30180004239082336,0.3040768504142761,-0.22674782574176788,-0.4316672384738922,-0.11802048236131668,0.12468855828046799,1.1948306560516357,0.21709010004997253,-0.08960294723510742,0.20846864581108093,1.0900660753250122,0.7213762402534485,1.3135746717453003,-0.08911021053791046,0.2659201920032501,-0.7314929366111755,0.96340411901474,-0.9801215529441833,-1.8186731338500977,0.6647238731384277,-0.11427273601293564,1.0229705572128296,-0.794366180896759,1.4901714324951172,3.311654806137085,-2.381169080734253,-0.24062906205654144,-2.7287497520446777,2.528381586074829,-4.423868656158447,-2.377732276916504,0.9220533967018127,-0.263988733291626,1.5904995203018188,-1.7939128875732422,2.039010763168335,-0.8232015371322632,0.7607381343841553,-0.39847004413604736,0.6246786117553711,-0.3752572238445282,1.4774365425109863,2.848371982574463,-2.292168140411377,-0.1854584962129593,-2.335613250732422,1.745181679725647,-2.9793853759765625,-5.053146839141846,2.8110694885253906,-0.39198845624923706,3.523409128189087,-3.0680863857269287,3.47428035736084,-3.0512452125549316,0.7343443632125854,-0.16298264265060425,1.978117823600769,-1.6546425819396973,1.478772521018982,-1.6166633367538452,0.30312982201576233,-0.3452546000480652,0.7658978700637817,-1.7909184694290161,1.1767793893814087,-3.2963690757751465,0.0785001590847969,-0.7240057587623596,1.7038143873214722,-2.2065305709838867,1.5164788961410522,1.5938066244125366,-1.5190796852111816,-0.49524080753326416,-2.1503660678863525,0.9502871632575989,-1.2019762992858887,0.3300374746322632,-1.0061895847320557,-0.24521039426326752,0.22019098699092865,0.17884142696857452,0.4691726267337799,-3.983518362045288,1.4675180912017822,-0.5323389172554016,2.7749452590942383,-2.8692028522491455,4.273667812347412,0.6379275321960449,-1.417733073234558,-0.4982233941555023,-0.9200237989425659,1.8754243850708008,-1.163098692893982,3.9125611782073975,-3.390810251235962,-0.2327927052974701,-3.4457128047943115,3.7499022483825684,-4.865898132324219,-2.722719669342041,0.8080109357833862,-0.4279615581035614,1.329840898513794,-1.0138816833496094,1.1667808294296265,-3.1106746196746826,1.4571070671081543,0.030624592676758766,2.6037635803222656,-3.2506706714630127,3.2183353900909424,-1.2524415254592896,0.8739007115364075,-0.13721692562103271,1.2144590616226196,-0.7167893052101135,0.8395065069198608,0.4999857246875763,0.2679123282432556,0.3439382016658783,-0.1862509548664093,0.3002670705318451,0.2837205231189728,-0.9597210884094238,-0.4468666911125183,-0.14210602641105652,0.13986815512180328,-0.5852921009063721,0.21111930906772614,0.6917328238487244,-0.07726193964481354,-0.22530494630336761,0.11060179024934769,0.19527412950992584,0.46978914737701416,-0.7522360682487488,-0.10650046169757843,-0.35139915347099304,0.23810115456581116,-0.19801104068756104,0.5997623801231384,0.09248171001672745,-0.6870720982551575,-0.016317734494805336,-1.3334039449691772,0.2928014397621155,-0.9566377997398376,1.2182652950286865,0.05941295251250267,0.1476830691099167,0.05464731529355049,0.9734587669372559,-0.22496357560157776,1.2860218286514282,-1.5605075359344482,0.10752280056476593,-0.9268264174461365,1.4469705820083618,-0.999022364616394,-0.3516464829444885,0.62797594,0.6217217
13,-3.842222213745117,2.192849636077881,-0.47871437668800354,3.4530739784240723,-3.2139885425567627,4.421280384063721,1.9346884489059448,-1.0838598012924194,-0.3149363696575165,-2.5206313133239746,1.1861913204193115,-0.7467554211616516,1.5787029266357422,-0.9320454597473145,-0.5957924127578735,-1.5118552446365356,0.10456515848636627,-1.8915830850601196,-2.531040668487549,2.5002365112304688,-0.6606014370918274,2.778977155685425,-3.516505241394043,2.284519672393799,3.5551531314849854,-2.2235758304595947,-0.10868627578020096,-3.2055130004882812,1.7609387636184692,-5.787458419799805,2.5047378540039062,-1.1130309104919434,-0.19793345034122467,-1.0737968683242798,1.672899842262268,-3.011965751647949,1.0354501008987427,-1.4543752670288086,-0.42626774311065674,-2.0450711250305176,0.07553111761808395,-2.1667134761810303,1.574927806854248,-2.5193214416503906,-0.542439877986908,-2.971932888031006,0.766409158706665,-2.0474958419799805,-2.4281201362609863,-0.2881928086280823,-0.3143252730369568,0.4870186150074005,-2.9866585731506348,0.5955494046211243,0.886370062828064,0.39906731247901917,-0.5027874112129211,-1.2701727151870728,-0.018735162913799286,0.2589944303035736,3.864973783493042,-2.4475204944610596,-0.26938703656196594,-4.550106048583984,3.091794967651367,-3.3590896129608154,-1.464174747467041,1.409005045890808,-0.4595687985420227,1.7624911069869995,-1.1543519496917725,1.8730593919754028,-3.781587600708008,3.368251323699951,-0.31020286679267883,4.641916275024414,-3.748882293701172,4.110538482666016,2.19370436668396,-0.6723437309265137,-0.5958949327468872,-1.822373867034912,1.1288597583770752,-1.3214114904403687,2.5869531631469727,-1.5323423147201538,-0.43576666712760925,-3.3140151500701904,1.726086974143982,-3.0478763580322266,0.9474933743476868,-1.055903673171997,-0.03993717208504677,-1.34000563621521,1.2271857261657715,-1.252951741218567,0.21122995018959045,0.18313857913017273,0.31754937767982483,0.30727311968803406,-0.2697007358074188,0.3612785041332245,-0.326459676027298,0.3401254117488861,-0.22799856960773468,-0.4443250596523285,-0.15600545704364777,0.13021746277809143,1.2246173620224,0.23668378591537476,-0.09004155546426773,0.23052126169204712,1.1130558252334595,0.725162148475647,1.3656463623046875,-0.04083109274506569,0.26525869965553284,-0.7294653058052063,1.0060261487960815,-1.0246671438217163,-1.9000498056411743,0.6696760654449463,-0.11527371406555176,1.0449274778366089,-0.7912499904632568,1.5167149305343628,3.4161794185638428,-2.4624385833740234,-0.2420482337474823,-2.7180538177490234,2.614119529724121,-4.569859504699707,-2.4908387660980225,0.9260228276252747,-0.26597684621810913,1.6308846473693848,-1.8340929746627808,2.089846134185791,-0.8452534079551697,0.8084823489189148,-0.3996383547782898,0.634717583656311,-0.40895551443099976,1.5280749797821045,2.9541821479797363,-2.336526870727539,-0.18547995388507843,-2.4213173389434814,1.7954423427581787,-3.055835247039795,-5.1863298416137695,2.8840491771698,-0.3953251838684082,3.569737434387207,-3.113609790802002,3.537184000015259,-3.18601655960083,0.727514386177063,-0.16574245691299438,2.0635931491851807,-1.6276973485946655,1.4975266456604004,-1.6265383958816528,0.2934342920780182,-0.34778767824172974,0.784993052482605,-1.846560001373291,1.2076702117919922,-3.3664259910583496,0.01834421046078205,-0.7273152470588684,1.7431010007858276,-2.2675256729125977,1.5516221523284912,1.690626621246338,-1.5783380270004272,-0.4988936185836792,-2.1798555850982666,0.9248273968696594,-1.1915677785873413,0.3550499975681305,-1.0523353815078735,-0.2472682148218155,0.21651870012283325,0.2083696573972702,0.5110430121421814,-4.1455078125,1.444722294807434,-0.5354663133621216,2.802431344985962,-2.90437388420105,4.420087814331055,0.6340779066085815,-1.4617726802825928,-0.49904221296310425,-0.9345650672912598,2.04024076461792,-1.1675857305526733,3.966402769088745,-3.4570109844207764,-0.233775794506073,-3.429267644882202,3.857276201248169,-5.030096054077148,-2.845653772354126,0.8366683125495911,-0.42961156368255615,1.3453279733657837,-0.962679922580719,1.2101564407348633,-3.1701724529266357,1.5121413469314575,0.028086643666028976,2.6209237575531006,-3.3167710304260254,3.3205816745758057,-1.2687478065490723,0.8722501397132874,-0.1408754587173462,1.2996582984924316,-0.6913502216339111,0.856570839881897,0.5159116983413696,0.2656782865524292,0.34406042098999023,-0.18441934883594513,0.3096456527709961,0.2886849343776703,-0.977405846118927,-0.4673372507095337,-0.14285403490066528,0.15371833741664886,-0.5835275053977966,0.20329879224300385,0.7272883653640747,-0.07764610648155212,-0.22618922591209412,0.11076986789703369,0.22336213290691376,0.5050023794174194,-0.7795161008834839,-0.11259175091981888,-0.35147035121917725,0.25840646028518677,-0.18985164165496826,0.6040908694267273,0.11396779865026474,-0.7168041467666626,-0.01708395592868328,-1.4101921319961548,0.27325716614723206,-0.9793606996536255,1.2249475717544556,0.09035935252904892,0.1386432945728302,0.04160667210817337,1.006100058555603,-0.2533847987651825,1.2802115678787231,-1.5920120477676392,0.09928259998559952,-0.9198457598686218,1.43870210647583,-0.9859008193016052,-0.355419397354126,0.6280009,0.6217217
14,-3.9417810440063477,2.2132833003997803,-0.4820459485054016,3.504297971725464,-3.3326611518859863,4.521494388580322,1.9722808599472046,-1.0774118900299072,-0.31834012269973755,-2.599396228790283,1.2434303760528564,-0.7574758529663086,1.6584622859954834,-0.9228511452674866,-0.5982270240783691,-1.5490351915359497,0.10934516787528992,-1.9673104286193848,-2.5857317447662354,2.580889940261841,-0.6649229526519775,2.8390896320343018,-3.6515660285949707,2.3547041416168213,3.6603126525878906,-2.2101662158966064,-0.11299117654561996,-3.247523069381714,1.7581605911254883,-5.9389801025390625,2.5878305435180664,-1.121471643447876,-0.20010337233543396,-1.0954358577728271,1.6901923418045044,-3.1056792736053467,1.0588726997375488,-1.4669499397277832,-0.42853233218193054,-2.037938117980957,0.0717700719833374,-2.2648322582244873,1.6192169189453125,-2.574023962020874,-0.5455514788627625,-3.025813341140747,0.7748869061470032,-2.0534744262695312,-2.4551258087158203,-0.3388950228691101,-0.3186546564102173,0.5491095781326294,-3.097707509994507,0.5654085278511047,0.9370025396347046,0.4600434899330139,-0.506572961807251,-1.3437809944152832,-0.028408389538526535,0.30532169342041016,3.935228109359741,-2.4737470149993896,-0.27115964889526367,-4.70990514755249,3.165102243423462,-3.379169225692749,-1.4840550422668457,1.4378387928009033,-0.4630415439605713,1.8026963472366333,-1.2109436988830566,1.9331374168395996,-3.8610289096832275,3.4116814136505127,-0.3153139352798462,4.709115028381348,-3.8492977619171143,4.187740802764893,2.2549357414245605,-0.6727263331413269,-0.5982263088226318,-1.8954585790634155,1.1308417320251465,-1.324175238609314,2.60857892036438,-1.492017388343811,-0.4362569749355316,-3.4059154987335205,1.7720706462860107,-3.139706611633301,0.9990991353988647,-1.0584421157836914,-0.04197435453534126,-1.366780400276184,1.2580065727233887,-1.2736176252365112,0.2169247716665268,0.1911543756723404,0.3174583613872528,0.31629374623298645,-0.2621549069881439,0.37684836983680725,-0.3475452661514282,0.3758227229118347,-0.22914020717144012,-0.45513084530830383,-0.195654958486557,0.1327909380197525,1.252401351928711,0.25516536831855774,-0.09047557413578033,0.2535526752471924,1.1340850591659546,0.7246975898742676,1.4140607118606567,0.009218619205057621,0.26464134454727173,-0.7270323634147644,1.0465059280395508,-1.0703928470611572,-1.9745781421661377,0.6752632260322571,-0.1161716878414154,1.066192388534546,-0.786209762096405,1.5428217649459839,3.5144641399383545,-2.546442747116089,-0.24348528683185577,-2.698746681213379,2.689910888671875,-4.711243629455566,-2.599660634994507,0.92756187915802,-0.26783326268196106,1.6698534488677979,-1.8684453964233398,2.1375656127929688,-0.8651924133300781,0.8579526543617249,-0.40076547861099243,0.6399461030960083,-0.44387492537498474,1.577472448348999,3.0560598373413086,-2.376706838607788,-0.18565362691879272,-2.5087356567382812,1.8382278680801392,-3.1250827312469482,-5.310485363006592,2.9569764137268066,-0.39838603138923645,3.608806848526001,-3.153489112854004,3.6019492149353027,-3.312607765197754,0.7186452746391296,-0.168353870511055,2.1491408348083496,-1.6035192012786865,1.5129570960998535,-1.634850025177002,0.2813805639743805,-0.35008975863456726,0.8046042919158936,-1.9024089574813843,1.2364871501922607,-3.4305343627929688,-0.04329903423786163,-0.7303876280784607,1.7841501235961914,-2.3270044326782227,1.5843207836151123,1.785396933555603,-1.6404895782470703,-0.5023665428161621,-2.2058796882629395,0.8928474187850952,-1.1803587675094604,0.37507379055023193,-1.0980565547943115,-0.24921727180480957,0.2105851173400879,0.2384859025478363,0.5541024804115295,-4.300287246704102,1.4193742275238037,-0.5383226871490479,2.8254659175872803,-2.9323410987854004,4.563758850097656,0.6280986666679382,-1.5055750608444214,-0.4999863803386688,-0.9492309093475342,2.1979763507843018,-1.1672627925872803,4.014157772064209,-3.5224053859710693,-0.23486775159835815,-3.409553289413452,3.95676326751709,-5.1872944831848145,-2.9660167694091797,0.865938663482666,-0.43119320273399353,1.3586907386779785,-0.9070818424224854,1.2544152736663818,-3.225573778152466,1.5703157186508179,0.025823082774877548,2.633082866668701,-3.3770334720611572,3.418255567550659,-1.2817922830581665,0.8649719953536987,-0.1442454755306244,1.3849676847457886,-0.6677061319351196,0.8735504150390625,0.5319339632987976,0.2632696032524109,0.3441656231880188,-0.1826959103345871,0.3189678490161896,0.29392683506011963,-0.9917833209037781,-0.4866124987602234,-0.14358431100845337,0.17106309533119202,-0.5817686319351196,0.19513992965221405,0.7593181133270264,-0.07654967904090881,-0.2270089089870453,0.1086307093501091,0.24907536804676056,0.5373510122299194,-0.8020599484443665,-0.11720038950443268,-0.3515721559524536,0.28039079904556274,-0.18309301137924194,0.606863260269165,0.1354793906211853,-0.7454034686088562,-0.01780364289879799,-1.484649419784546,0.25354287028312683,-0.999109148979187,1.2295552492141724,0.124970443546772,0.13024088740348816,0.02763231471180916,1.0400420427322388,-0.28110551834106445,1.2750260829925537,-1.6256297826766968,0.09058143198490143,-0.9147821068763733,1.4288450479507446,-0.9737939238548279,-0.35751163959503174,0.62812555,0.6214132
15,-4.03427791595459,2.2313473224639893,-0.48505517840385437,3.551863193511963,-3.4472596645355225,4.614587783813477,2.0036613941192627,-1.0692174434661865,-0.3214985728263855,-2.6721770763397217,1.2997522354125977,-0.7725567817687988,1.7325875759124756,-0.9111794829368591,-0.6004660129547119,-1.583438515663147,0.11611521244049072,-2.040410041809082,-2.6376090049743652,2.658496141433716,-0.6687827706336975,2.8953168392181396,-3.7779433727264404,2.4208688735961914,3.75827956199646,-2.1960113048553467,-0.11696408689022064,-3.290360689163208,1.7560113668441772,-6.079998970031738,2.6667330265045166,-1.1258426904678345,-0.20218461751937866,-1.1210589408874512,1.7036232948303223,-3.1937813758850098,1.0816766023635864,-1.4772312641143799,-0.43063586950302124,-2.021902084350586,0.06890721619129181,-2.3635623455047607,1.658772349357605,-2.6262130737304688,-0.5484893321990967,-3.073427438735962,0.7843798398971558,-2.0613110065460205,-2.4767465591430664,-0.3877546787261963,-0.3226633071899414,0.6166563630104065,-3.203857898712158,0.5349597334861755,0.9844138026237488,0.5235880017280579,-0.510046660900116,-1.4181180000305176,-0.03511102497577667,0.3470255732536316,3.9976181983947754,-2.495795249938965,-0.27286243438720703,-4.86726713180542,3.2361538410186768,-3.3952560424804688,-1.501423954963684,1.4647843837738037,-0.4662337899208069,1.8339039087295532,-1.2646749019622803,1.9959248304367065,-3.9363152980804443,3.4498960971832275,-0.31993022561073303,4.771133899688721,-3.9414541721343994,4.262355327606201,2.3132877349853516,-0.6738337874412537,-0.6004067659378052,-1.969183325767517,1.1324282884597778,-1.323485255241394,2.6268160343170166,-1.4454723596572876,-0.43677467107772827,-3.492842197418213,1.817402958869934,-3.2295374870300293,1.0470417737960815,-1.0579921007156372,-0.04394591972231865,-1.3896883726119995,1.2889468669891357,-1.2952262163162231,0.22254659235477448,0.1994125097990036,0.31737515330314636,0.3252226710319519,-0.25421321392059326,0.39236584305763245,-0.3650473356246948,0.41099295020103455,-0.23018305003643036,-0.46371957659721375,-0.23676496744155884,0.13264864683151245,1.2788158655166626,0.2725614011287689,-0.09090617299079895,0.27797916531562805,1.1529245376586914,0.7204504013061523,1.4593092203140259,0.061040397733449936,0.2640615403652191,-0.7242990732192993,1.08511221408844,-1.1171354055404663,-2.042936086654663,0.681468665599823,-0.11698152124881744,1.0869951248168945,-0.779945969581604,1.5686756372451782,3.607320547103882,-2.6337058544158936,-0.24492903053760529,-2.6717865467071533,2.756941795349121,-4.8484320640563965,-2.704725503921509,0.9269455671310425,-0.2695825695991516,1.7072043418884277,-1.897984504699707,2.1827261447906494,-0.8831967115402222,0.9091174006462097,-0.40186235308647156,0.640658438205719,-0.4800473749637604,1.6259926557540894,3.154750347137451,-2.4130561351776123,-0.18597640097141266,-2.598160743713379,1.8741834163665771,-3.187398910522461,-5.426779747009277,3.029775619506836,-0.40121516585350037,3.641038417816162,-3.1884796619415283,3.6681644916534424,-3.4312236309051514,0.7079337239265442,-0.17083558440208435,2.2348663806915283,-1.5825499296188354,1.5251257419586182,-1.6422617435455322,0.2670074999332428,-0.3521839380264282,0.8245329856872559,-1.958618402481079,1.263446569442749,-3.4896605014801025,-0.10615922510623932,-0.7332695126533508,1.8265564441680908,-2.3850600719451904,1.6145635843276978,1.877873182296753,-1.7056999206542969,-0.5056676864624023,-2.22881817817688,0.8552444577217102,-1.1683542728424072,0.3904482126235962,-1.1429396867752075,-0.25107356905937195,0.20251694321632385,0.26914703845977783,0.5981590151786804,-4.448561668395996,1.3919625282287598,-0.540954053401947,2.844700813293457,-2.9543662071228027,4.704790115356445,0.6209248304367065,-1.5494555234909058,-0.5010342001914978,-0.9642011523246765,2.3484551906585693,-1.1626362800598145,4.05694580078125,-3.587347984313965,-0.23606187105178833,-3.387239694595337,4.049674034118652,-5.337488651275635,-3.0833122730255127,0.8957933187484741,-0.43272125720977783,1.3704426288604736,-0.8486108779907227,1.2990254163742065,-3.2775838375091553,1.6321401596069336,0.02379906363785267,2.640631675720215,-3.4321651458740234,3.5113565921783447,-1.2922602891921997,0.8523062467575073,-0.14736127853393555,1.4699559211730957,-0.6457441449165344,0.8904969692230225,0.5480285286903381,0.260663241147995,0.34425467252731323,-0.18110297620296478,0.3282640278339386,0.29942288994789124,-1.003421664237976,-0.5048699378967285,-0.14430221915245056,0.19147704541683197,-0.5803992748260498,0.18659807741641998,0.7883692979812622,-0.07396126538515091,-0.2277713418006897,0.10420797020196915,0.27258214354515076,0.5672062039375305,-0.8198677897453308,-0.1202842965722084,-0.35170844197273254,0.30417588353157043,-0.1783699095249176,0.6080837249755859,0.156877800822258,-0.7731726765632629,-0.018479205667972565,-1.5568807125091553,0.23380838334560394,-1.0163884162902832,1.232666015625,0.16302314400672913,0.12242011725902557,0.012392673641443253,1.0750612020492554,-0.30854570865631104,1.2704060077667236,-1.6609810590744019,0.08159694820642471,-0.9116469621658325,1.4176069498062134,-0.9623731374740601,-0.35828399658203125,0.6282502,0.6211046
16,-4.120647430419922,2.247260332107544,-0.48778092861175537,3.5962862968444824,-3.5582668781280518,4.7016072273254395,2.030015230178833,-1.059494972229004,-0.32443174719810486,-2.738826274871826,1.355064034461975,-0.7916854023933411,1.801607370376587,-0.8971623778343201,-0.602525532245636,-1.6149588823318481,0.12495465576648712,-2.111389398574829,-2.6872313022613525,2.733306646347046,-0.6722291707992554,2.9485013484954834,-3.8962759971618652,2.4832370281219482,3.8496224880218506,-2.181828022003174,-0.12063312530517578,-3.334282875061035,1.7550551891326904,-6.211012840270996,2.741816997528076,-1.125648021697998,-0.20418483018875122,-1.1508487462997437,1.7140089273452759,-3.276676893234253,1.1040154695510864,-1.485412359237671,-0.43258410692214966,-1.9975008964538574,0.06671155989170074,-2.462806463241577,1.6941752433776855,-2.675971746444702,-0.5512717366218567,-3.1148641109466553,0.7945966720581055,-2.071094036102295,-2.4942550659179688,-0.43480145931243896,-0.3263862729072571,0.6889633536338806,-3.305337429046631,0.5040110945701599,1.0291852951049805,0.5897443890571594,-0.513245701789856,-1.4928473234176636,-0.03935304656624794,0.3842991292476654,4.053351402282715,-2.5139589309692383,-0.27449721097946167,-5.02236795425415,3.304922103881836,-3.4079360961914062,-1.5165668725967407,1.4904323816299438,-0.46917250752449036,1.8564695119857788,-1.3155041933059692,2.0615878105163574,-4.007911682128906,3.48280930519104,-0.3241119086742401,4.828449249267578,-4.026312351226807,4.335058689117432,2.3690414428710938,-0.676011323928833,-0.6024705767631531,-2.043243408203125,1.1338138580322266,-1.319832682609558,2.6427769660949707,-1.3928025960922241,-0.43730661273002625,-3.5747547149658203,1.8615723848342896,-3.317714214324951,1.0915299654006958,-1.054709792137146,-0.04586314037442207,-1.408850908279419,1.3201396465301514,-1.3178001642227173,0.2281079888343811,0.20796671509742737,0.31730028986930847,0.3340962827205658,-0.2459794580936432,0.407796710729599,-0.37907496094703674,0.4454267919063568,-0.2311403900384903,-0.4697672426700592,-0.27906087040901184,0.13001659512519836,1.3043694496154785,0.2888389229774475,-0.09133408218622208,0.30410826206207275,1.1694889068603516,0.7128028869628906,1.5017881393432617,0.11463923752307892,0.26352569460868835,-0.7213624119758606,1.1221330165863037,-1.1647238731384277,-2.1057639122009277,0.6882341504096985,-0.11771462112665176,1.1074275970458984,-0.7730247378349304,1.5944474935531616,3.6953792572021484,-2.7246012687683105,-0.2463706135749817,-2.6378977298736572,2.816408634185791,-4.9817633628845215,-2.8065073490142822,0.9244178533554077,-0.27125269174575806,1.7426753044128418,-1.9235303401947021,2.225865364074707,-0.8995063304901123,0.9619482755661011,-0.402932733297348,0.6371690034866333,-0.5173759460449219,1.6738654375076294,3.2508082389831543,-2.4457573890686035,-0.1864388883113861,-2.689822196960449,1.903915524482727,-3.243067741394043,-5.5361409187316895,3.102388620376587,-0.4038432240486145,3.6668055057525635,-3.2191829681396484,3.735489845275879,-3.542156934738159,0.6955487728118896,-0.17319856584072113,2.3208563327789307,-1.5650073289871216,1.5341657400131226,-1.6492695808410645,0.2503820061683655,-0.35408979654312134,0.8446094393730164,-2.015204429626465,1.2887617349624634,-3.544661521911621,-0.16989928483963013,-0.7359789609909058,1.8699690103530884,-2.441636323928833,1.6423165798187256,1.967872142791748,-1.7739423513412476,-0.5088240504264832,-2.249091148376465,0.8127980828285217,-1.155482292175293,0.40154632925987244,-1.1865602731704712,-0.25284817814826965,0.1924639195203781,0.300306111574173,0.6429874300956726,-4.590914726257324,1.3628473281860352,-0.5433870553970337,2.860670566558838,-2.9713797569274902,4.843223571777344,0.6132450103759766,-1.5936447381973267,-0.502181351184845,-0.9796640872955322,2.4915969371795654,-1.1541017293930054,4.09564208984375,-3.652160882949829,-0.23734885454177856,-3.3628571033477783,4.137157440185547,-5.48082971572876,-3.1971263885498047,0.9261663556098938,-0.43419960141181946,1.38107430934906,-0.7884816527366638,1.3434137105941772,-3.3267483711242676,1.6980432271957397,0.021984625607728958,2.6439321041107178,-3.482795238494873,3.599834680557251,-1.3007943630218506,0.8344684839248657,-0.15024448931217194,1.5542501211166382,-0.6252151131629944,0.9074626564979553,0.5641679167747498,0.25783735513687134,0.3443340063095093,-0.1796535700559616,0.3375580906867981,0.3051575720310211,-1.012864112854004,-0.5222215056419373,-0.14501330256462097,0.21458283066749573,-0.5796748399734497,0.17764674127101898,0.814940869808197,-0.06993080675601959,-0.22848369181156158,0.09749366343021393,0.2940919101238251,0.594963550567627,-0.833085834980011,-0.12179581820964813,-0.3518723249435425,0.32989516854286194,-0.176093190908432,0.6077346801757812,0.17804643511772156,-0.8003871440887451,-0.019112899899482727,-1.626957654953003,0.21417784690856934,-1.0316178798675537,1.2346898317337036,0.20430749654769897,0.11512783914804459,-0.004361187107861042,1.1109747886657715,-0.33601415157318115,1.266331434249878,-1.6976122856140137,0.07247459888458252,-0.9104734659194946,1.405272364616394,-0.9513664245605469,-0.35801172256469727,0.62854934,0.6211046
17,-4.20158576965332,2.261255979537964,-0.4902535676956177,3.6379690170288086,-3.6662192344665527,4.783472061157227,2.0522916316986084,-1.0484732389450073,-0.32715311646461487,-2.7993483543395996,1.409301996231079,-0.8145320415496826,1.866058349609375,-0.8809924125671387,-0.6044303774833679,-1.643505573272705,0.1358589380979538,-2.180617570877075,-2.73503041267395,2.8054895401000977,-0.6753144860267639,2.9993786811828613,-4.0072526931762695,2.5419483184814453,3.9349212646484375,-2.1684470176696777,-0.12402445077896118,-3.379579544067383,1.755541443824768,-6.332429885864258,2.8133769035339355,-1.1203908920288086,-0.20611169934272766,-1.1849182844161987,1.722025752067566,-3.354804277420044,1.1260249614715576,-1.4916304349899292,-0.4343894422054291,-1.9653995037078857,0.06500650942325592,-2.562506914138794,1.725958228111267,-2.7234230041503906,-0.5539154410362244,-3.1502392292022705,0.805233895778656,-2.0829782485961914,-2.5085856914520264,-0.48007482290267944,-0.329857736825943,0.765409529209137,-3.4024388790130615,0.4723898470401764,1.0718636512756348,0.6584652662277222,-0.5161904692649841,-1.5676738023757935,-0.041664008051157,0.41742441058158875,4.103463172912598,-2.5285804271698,-0.27607354521751404,-5.1754302978515625,3.3713889122009277,-3.4176673889160156,-1.5297528505325317,1.5152415037155151,-0.4718875288963318,1.8706767559051514,-1.3634841442108154,2.1303374767303467,-4.076186180114746,3.510315418243408,-0.32791003584861755,4.881559371948242,-4.104728698730469,4.406606197357178,2.4222757816314697,-0.679675281047821,-0.6044237613677979,-2.1172776222229004,1.1351171731948853,-1.3136048316955566,2.657343626022339,-1.3340873718261719,-0.4378539025783539,-3.651819944381714,1.9042537212371826,-3.404515266418457,1.1328542232513428,-1.0486918687820435,-0.047735054045915604,-1.4243980646133423,1.3515586853027344,-1.3413227796554565,0.23361508548259735,0.21685534715652466,0.31723466515541077,0.3429357409477234,-0.2375447303056717,0.42311370372772217,-0.3898119628429413,0.4789044260978699,-0.23201948404312134,-0.47300729155540466,-0.3222419321537018,0.1250871866941452,1.3294188976287842,0.3039172887802124,-0.09176084399223328,0.3321656882762909,1.1837252378463745,0.7020999193191528,1.5418304204940796,0.17002511024475098,0.2630223333835602,-0.7183423638343811,1.1578339338302612,-1.2130168676376343,-2.1635963916778564,0.6954449415206909,-0.1183808296918869,1.1275255680084229,-0.765875518321991,1.6202601194381714,3.7791619300842285,-2.819284200668335,-0.24780379235744476,-2.59773588180542,2.869483232498169,-5.111412525177002,-2.9053900241851807,0.920215904712677,-0.27286025881767273,1.7759722471237183,-1.945744276046753,2.2674765586853027,-0.9143493175506592,1.0164504051208496,-0.4039885401725769,0.6298099160194397,-0.5557222962379456,1.7212580442428589,3.344621181488037,-2.474993944168091,-0.18702936172485352,-2.7838833332061768,1.9279682636260986,-3.2924444675445557,-5.639406204223633,3.1745755672454834,-0.4063055217266083,3.686475992202759,-3.246062994003296,3.8036396503448486,-3.645749092102051,0.6816903352737427,-0.175454244017601,2.4071826934814453,-1.5509507656097412,1.5401793718338013,-1.656233310699463,0.23159119486808777,-0.355826199054718,0.8647386431694031,-2.0721302032470703,1.3125989437103271,-3.596318244934082,-0.2341097891330719,-0.7385404109954834,1.914023756980896,-2.496614456176758,1.667605996131897,2.0552475452423096,-1.8450533151626587,-0.5118405222892761,-2.267003297805786,0.766171932220459,-1.1416962146759033,0.40874937176704407,-1.2284514904022217,-0.25455331802368164,0.18061038851737976,0.33189982175827026,0.6884055137634277,-4.727743148803711,1.3323637247085571,-0.5456570982933044,2.873783588409424,-2.984130859375,4.978997230529785,0.6055676937103271,-1.6383020877838135,-0.5034117102622986,-0.9958105683326721,2.627462863922119,-1.1420024633407593,4.1308159828186035,-3.717015266418457,-0.23872110247612,-3.336819648742676,4.220170974731445,-5.617448329925537,-3.3072638511657715,0.9569215774536133,-0.435645192861557,1.3910292387008667,-0.72762131690979,1.387047290802002,-3.3734164237976074,1.768250584602356,0.020354531705379486,2.643284797668457,-3.5293784141540527,3.683762311935425,-1.3079705238342285,0.8116350769996643,-0.15291962027549744,1.6374825239181519,-0.6058071851730347,0.9245271682739258,0.5803261399269104,0.2547690272331238,0.3443978726863861,-0.1783582717180252,0.34687313437461853,0.31111258268356323,-1.020647644996643,-0.5386930108070374,-0.1457185298204422,0.24002745747566223,-0.5797455310821533,0.16826115548610687,0.8394565582275391,-0.06455599516630173,-0.22915305197238922,0.08847567439079285,0.3138291537761688,0.6210266947746277,-0.8419742584228516,-0.12168099731206894,-0.3520679771900177,0.3576677441596985,-0.17649132013320923,0.6057330965995789,0.19888369739055634,-0.8273082375526428,-0.019706597551703453,-1.6949273347854614,0.19472984969615936,-1.0451713800430298,1.2359567880630493,0.2486150562763214,0.10831879079341888,-0.022808797657489777,1.1476030349731445,-0.36373642086982727,1.262800931930542,-1.7350233793258667,0.06333009898662567,-0.9112961888313293,1.3921825885772705,-0.9405752420425415,-0.35689884424209595,0.6284995,0.620796
18,-4.277587413787842,2.2734291553497314,-0.49249696731567383,3.677248477935791,-3.77144455909729,4.861017227172852,2.071403980255127,-1.0363759994506836,-0.32967835664749146,-2.8538761138916016,1.4623470306396484,-0.8407566547393799,1.9264353513717651,-0.8629032373428345,-0.6061936616897583,-1.6689550876617432,0.14877092838287354,-2.248368263244629,-2.781255006790161,2.8750672340393066,-0.6780811548233032,3.0486114025115967,-4.111536026000977,2.597266912460327,4.014602184295654,-2.1567060947418213,-0.12716121971607208,-3.4264039993286133,1.7576053142547607,-6.4444756507873535,2.8817038536071777,-1.1096330881118774,-0.20797130465507507,-1.2232623100280762,1.72817063331604,-3.4285407066345215,1.1477808952331543,-1.4960075616836548,-0.4360560476779938,-1.926204800605774,0.06367047876119614,-2.6626322269439697,1.7546037435531616,-2.7685389518737793,-0.5564385652542114,-3.179826498031616,0.8159964680671692,-2.096903085708618,-2.5206007957458496,-0.5236309766769409,-0.33311256766319275,0.845504105091095,-3.4954278469085693,0.4399503767490387,1.112929344177246,0.7296831011772156,-0.5189071297645569,-1.6423636674880981,-0.04257584363222122,0.4467063546180725,4.148819446563721,-2.539877414703369,-0.27759721875190735,-5.326542377471924,3.4355032444000244,-3.4248476028442383,-1.5411401987075806,1.53964364528656,-0.4744052290916443,1.876886010169983,-1.4087084531784058,2.2022244930267334,-4.141479969024658,3.5321483612060547,-0.33136841654777527,4.930821895599365,-4.177542209625244,4.477543830871582,2.4732272624969482,-0.6852543354034424,-0.6062792539596558,-2.1910347938537598,1.1363471746444702,-1.305171012878418,2.671135663986206,-1.2694135904312134,-0.4384104907512665,-3.7241151332855225,1.945282220840454,-3.4902076721191406,1.1713272333145142,-1.040049433708191,-0.04956851527094841,-1.4363961219787598,1.383118987083435,-1.3658208847045898,0.23907636106014252,0.2261056751012802,0.31717759370803833,0.3517681062221527,-0.22898879647254944,0.4382866322994232,-0.3974997103214264,0.5112082958221436,-0.23282931745052338,-0.4731927216053009,-0.36600038409233093,0.11802433431148529,1.3541944026947021,0.31768572330474854,-0.09218553453683853,0.3623090088367462,1.1956807374954224,0.6886070370674133,1.5796706676483154,0.22721131145954132,0.26255306601524353,-0.7153623700141907,1.1924269199371338,-1.2618608474731445,-2.2169716358184814,0.7029651999473572,-0.1189882680773735,1.1472893953323364,-0.7588276863098145,1.6462149620056152,3.8590662479400635,-2.917956590652466,-0.24922700226306915,-2.5518524646759033,2.917189598083496,-5.2375569343566895,-3.0017106533050537,0.9145370125770569,-0.2744181454181671,1.8068373203277588,-1.965107798576355,2.3078739643096924,-0.9279500842094421,1.0726261138916016,-0.40504005551338196,0.6189299821853638,-0.594910204410553,1.7682312726974487,3.436444044113159,-2.5008084774017334,-0.18774062395095825,-2.8804469108581543,1.946846604347229,-3.335841178894043,-5.737301826477051,3.2460427284240723,-0.40862029790878296,3.700401544570923,-3.269533395767212,3.8723347187042236,-3.7423832416534424,0.6665515899658203,-0.1776106059551239,2.4938974380493164,-1.5403329133987427,1.543275237083435,-1.6633946895599365,0.21075768768787384,-0.35741522908210754,0.8848544955253601,-2.129317283630371,1.3350645303726196,-3.6451544761657715,-0.2983291745185852,-0.7409692406654358,1.9584764242172241,-2.549832582473755,1.6904653310775757,2.139899492263794,-1.9187073707580566,-0.514729380607605,-2.2828736305236816,0.7159208059310913,-1.126948356628418,0.41241776943206787,-1.2681591510772705,-0.2562016546726227,0.16716724634170532,0.363853394985199,0.7341873645782471,-4.859591007232666,1.300729751586914,-0.5477758646011353,2.8843045234680176,-2.9931437969207764,5.112094879150391,0.5982416272163391,-1.683501124382019,-0.5047116875648499,-1.0127825736999512,2.7560806274414062,-1.1266850233078003,4.163031578063965,-3.7819831371307373,-0.2401704341173172,-3.309535026550293,4.299535751342773,-5.7474260330200195,-3.413667678833008,0.9879510998725891,-0.43705517053604126,1.4008023738861084,-0.6667492985725403,1.4293798208236694,-3.4179060459136963,1.8429259061813354,0.018887197598814964,2.6389808654785156,-3.572312831878662,3.763193368911743,-1.314371943473816,0.7839853167533875,-0.15540838241577148,1.7193509340286255,-0.587200939655304,0.9417905807495117,0.5964841842651367,0.25142839550971985,0.34444472193717957,-0.17722590267658234,0.35622110962867737,0.31728067994117737,-1.0272506475448608,-0.5542751550674438,-0.14642079174518585,0.2675071656703949,-0.580639660358429,0.15840916335582733,0.8622872829437256,-0.05798768252134323,-0.22978226840496063,0.07714496552944183,0.332022488117218,0.6457712650299072,-0.8468709588050842,-0.11988959461450577,-0.35229015350341797,0.38761213421821594,-0.17964011430740356,0.6019933223724365,0.21931596100330353,-0.8541896343231201,-0.020262131467461586,-1.7608590126037598,0.1755143702030182,-1.0573558807373047,1.2367312908172607,0.2957357168197632,0.10195133835077286,-0.04301873594522476,1.1847889423370361,-0.391849160194397,1.2598000764846802,-1.7726260423660278,0.054253704845905304,-0.9141418933868408,1.3786088228225708,-0.9298469424247742,-0.3550833761692047,0.6282751,0.620796
19,-4.349188804626465,2.2838680744171143,-0.494538813829422,3.714409589767456,-3.874361753463745,4.934906005859375,2.088024377822876,-1.0234333276748657,-0.332019180059433,-2.9026098251342773,1.5141162872314453,-0.8700006008148193,1.9831438064575195,-0.843217670917511,-0.6078251004219055,-1.6911996603012085,0.16360680758953094,-2.3148653507232666,-2.8261959552764893,2.941861629486084,-0.6805530786514282,3.096748113632202,-4.2096357345581055,2.6494760513305664,4.089091777801514,-2.147472858428955,-0.13006392121315002,-3.474721908569336,1.76118004322052,-6.547563076019287,2.9469821453094482,-1.0930207967758179,-0.2097678929567337,-1.2658357620239258,1.7328853607177734,-3.498213529586792,1.1693792343139648,-1.4986785650253296,-0.4375959634780884,-1.8805619478225708,0.06263518333435059,-2.763104200363159,1.7805272340774536,-2.8113410472869873,-0.5588521361351013,-3.203824043273926,0.8266589045524597,-2.112823247909546,-2.5308187007904053,-0.5655806064605713,-0.33617326617240906,0.9288045167922974,-3.584653615951538,0.4065909683704376,1.1528033018112183,0.8032432794570923,-0.5214179158210754,-1.7167001962661743,-0.042566608637571335,0.4724963307380676,4.190210342407227,-2.5480258464813232,-0.27907535433769226,-5.475884437561035,3.497222661972046,-3.4296836853027344,-1.5508543252944946,1.5640268325805664,-0.4767431318759918,1.875348687171936,-1.4513596296310425,2.277306079864502,-4.204004764556885,3.548060655593872,-0.3345223665237427,4.976677417755127,-4.2456488609313965,4.548216342926025,2.5219900608062744,-0.6932097673416138,-0.6080518364906311,-2.2641115188598633,1.13748037815094,-1.2948241233825684,2.6846182346343994,-1.1988916397094727,-0.4389703869819641,-3.7919974327087402,1.9845818281173706,-3.575019121170044,1.2073339223861694,-1.0288817882537842,-0.051369793713092804,-1.4448840618133545,1.414694905281067,-1.3913240432739258,0.24449379742145538,0.2357323318719864,0.3171285390853882,0.36061176657676697,-0.22038090229034424,0.4532855153083801,-0.40240752696990967,0.542133629322052,-0.2335796356201172,-0.47013306617736816,-0.410049170255661,0.10898508876562119,1.3788540363311768,0.33000633120536804,-0.09260830283164978,0.3946317136287689,1.2054247856140137,0.6725966930389404,1.6155171394348145,0.2862164080142975,0.26211658120155334,-0.7125623822212219,1.2261079549789429,-1.311171531677246,-2.2663192749023438,0.7106388211250305,-0.11954440176486969,1.1666489839553833,-0.7521215677261353,1.6724014282226562,3.9354798793792725,-3.020634651184082,-0.2506338357925415,-2.50069260597229,2.9604785442352295,-5.3602800369262695,-3.0957515239715576,0.9075613617897034,-0.2759401500225067,1.8349956274032593,-1.981934905052185,2.3474247455596924,-0.9404845833778381,1.1304831504821777,-0.40608733892440796,0.6049200892448425,-0.6347101330757141,1.8147987127304077,3.526505947113037,-2.5232226848602295,-0.18856218457221985,-2.97947359085083,1.960999846458435,-3.3736138343811035,-5.830395221710205,3.3165135383605957,-0.4108087122440338,3.708913564682007,-3.2899739742279053,3.9414443969726562,-3.832489490509033,0.6503639221191406,-0.17967556416988373,2.580986499786377,-1.533005714416504,1.5435978174209595,-1.6709678173065186,0.18799766898155212,-0.35886573791503906,0.9049502015113831,-2.1866281032562256,1.3562251329421997,-3.6917929649353027,-0.3620717227458954,-0.7432851791381836,2.003046989440918,-2.601057767868042,1.7109322547912598,2.2217214107513428,-1.9945008754730225,-0.5174952745437622,-2.296900987625122,0.6625205874443054,-1.1112279891967773,0.4128902554512024,-1.3052533864974976,-0.2577965259552002,0.15235984325408936,0.39609596133232117,0.7801210284233093,-4.986804962158203,1.2681249380111694,-0.5497654676437378,2.8925235271453857,-2.998844623565674,5.242369651794434,0.5915271043777466,-1.7291929721832275,-0.5060701966285706,-1.0307754278182983,2.8776426315307617,-1.108462929725647,4.192719459533691,-3.847066879272461,-0.2416887879371643,-3.281358003616333,4.37571907043457,-5.871013164520264,-3.5162510871887207,1.0191220045089722,-0.43843942880630493,1.4108302593231201,-0.6064013242721558,1.4699363708496094,-3.46046781539917,1.922082543373108,0.017563272267580032,2.631354570388794,-3.611912488937378,3.838261127471924,-1.3205070495605469,0.7516433596611023,-0.15772800147533417,1.7994942665100098,-0.5690556764602661,0.9594070315361023,0.6126153469085693,0.24779856204986572,0.34447619318962097,-0.17625653743743896,0.36561495065689087,0.3236413300037384,-1.033144235610962,-0.5689288973808289,-0.14712068438529968,0.29674237966537476,-0.5823605060577393,0.1480558067560196,0.8837276697158813,-0.05041811242699623,-0.23037786781787872,0.06351140886545181,0.34888461232185364,0.6695564985275269,-0.8481447100639343,-0.11638925224542618,-0.3525373339653015,0.4198320508003235,-0.18550735712051392,0.596436619758606,0.23928521573543549,-0.8812751770019531,-0.020781712606549263,-1.8247833251953125,0.1565438210964203,-1.0684454441070557,1.2372077703475952,0.3454158306121826,0.09598730504512787,-0.06502621620893478,1.2223684787750244,-0.4203898012638092,1.2573474645614624,-1.8098028898239136,0.04531727358698845,-0.9190365076065063,1.3648128509521484,-0.9190777540206909,-0.3526650369167328,0.6284247,0.6204875
20,-4.416718006134033,2.292644500732422,-0.4963931739330292,3.749685049057007,-3.975253105163574,5.0057291984558105,2.102780818939209,-1.0098422765731812,-0.3341904580593109,-2.945858955383301,1.5645527839660645,-0.9018917083740234,2.0366039276123047,-0.8222969770431519,-0.6093460321426392,-1.7101528644561768,0.18027396500110626,-2.38019061088562,-2.869981527328491,3.0056984424591064,-0.6827710866928101,3.1442925930023193,-4.30218505859375,2.6988112926483154,4.15874719619751,-2.141617774963379,-0.13275445997714996,-3.5243942737579346,1.7661432027816772,-6.641912460327148,3.0094947814941406,-1.0701990127563477,-0.21150490641593933,-1.3124933242797852,1.736426591873169,-3.5641841888427734,1.1907823085784912,-1.4997806549072266,-0.4390208423137665,-1.8291540145874023,0.0618661530315876,-2.863825559616089,1.8041051626205444,-2.851872444152832,-0.5611661076545715,-3.2225942611694336,0.8370444774627686,-2.1307549476623535,-2.5397238731384277,-0.6060622930526733,-0.3390616476535797,1.014914870262146,-3.670360565185547,0.37224942445755005,1.1918224096298218,0.8789589405059814,-0.5237411260604858,-1.7904386520385742,-0.04206240549683571,0.495149165391922,4.228187084197998,-2.5531835556030273,-0.2805120348930359,-5.623378276824951,3.5565173625946045,-3.4324722290039062,-1.5590084791183472,1.5887336730957031,-0.47892069816589355,1.866393804550171,-1.4915939569473267,2.355576992034912,-4.263913154602051,3.5578653812408447,-0.33741092681884766,5.019472599029541,-4.3097758293151855,4.619048118591309,2.5686519145965576,-0.7039312124252319,-0.609748899936676,-2.3362245559692383,1.1384963989257812,-1.2827776670455933,2.6981585025787354,-1.1226410865783691,-0.439532995223999,-3.8557493686676025,2.0222318172454834,-3.659036636352539,1.2412272691726685,-1.0152989625930786,-0.053142696619033813,-1.4499152898788452,1.4461286067962646,-1.417898416519165,0.24986949563026428,0.2457433044910431,0.3170885741710663,0.36948221921920776,-0.2117801457643509,0.4680812954902649,-0.40484851598739624,0.5714909434318542,-0.23427452147006989,-0.46368134021759033,-0.45412054657936096,0.09810197353363037,1.4035089015960693,0.340742290019989,-0.09302862733602524,0.4291677474975586,1.2131050825119019,0.6543459892272949,1.6495351791381836,0.34706467390060425,0.26170945167541504,-0.7101010680198669,1.2590633630752563,-1.360819935798645,-2.312000036239624,0.7182950377464294,-0.12005507200956345,1.1855406761169434,-0.7459315061569214,1.6989690065383911,4.008720874786377,-3.1273140907287598,-0.2520226240158081,-2.4448060989379883,3.000124454498291,-5.479679107666016,-3.187715530395508,0.8994320034980774,-0.2774348556995392,1.8602479696273804,-1.9965310096740723,2.38635516166687,-0.9521029591560364,1.1900277137756348,-0.40713396668434143,0.5881949663162231,-0.6749175786972046,1.8609404563903809,3.6149473190307617,-2.5422017574310303,-0.18948060274124146,-3.080906391143799,1.9708362817764282,-3.4061241149902344,-5.919159889221191,3.3855741024017334,-0.41288551688194275,3.712386131286621,-3.3076603412628174,4.010806560516357,-3.9163994789123535,0.6333763599395752,-0.18165281414985657,2.6684443950653076,-1.5288463830947876,1.541270136833191,-1.6790626049041748,0.16343910992145538,-0.36019542813301086,0.9250252842903137,-2.2439544200897217,1.376073956489563,-3.736636161804199,-0.42483335733413696,-0.745491087436676,2.047510862350464,-2.65010404586792,1.7290581464767456,2.300692558288574,-2.0719194412231445,-0.5201600790023804,-2.309253215789795,0.6063752770423889,-1.0945889949798584,0.41048169136047363,-1.339370846748352,-0.2593480348587036,0.136436328291893,0.4285625219345093,0.8259830474853516,-5.109891414642334,1.2346855401992798,-0.5516448616981506,2.898562431335449,-3.001568555831909,5.369804382324219,0.5856088995933533,-1.7752665281295776,-0.5074810981750488,-1.0499674081802368,2.9923012256622314,-1.0876342058181763,4.220165252685547,-3.912205934524536,-0.24326837062835693,-3.2526633739471436,4.449305534362793,-5.98831844329834,-3.615110158920288,1.0503267049789429,-0.4397949278354645,1.4215738773345947,-0.5469575524330139,1.5082565546035767,-3.5012896060943604,2.0056164264678955,0.016367310658097267,2.620743989944458,-3.648500442504883,3.909083366394043,-1.3268659114837646,0.7147009968757629,-0.1598939448595047,1.8776074647903442,-0.5510566234588623,0.9774883985519409,0.6287064552307129,0.2438565194606781,0.34448641538619995,-0.1754489243030548,0.37505561113357544,0.33018380403518677,-1.038694977760315,-0.5826120376586914,-0.14781911671161652,0.3275018632411957,-0.584841251373291,0.1371597945690155,0.904003381729126,-0.04207026958465576,-0.23094171285629272,0.04761773347854614,0.36460739374160767,0.6926841735839844,-0.846181333065033,-0.11117199063301086,-0.35280779004096985,0.45442768931388855,-0.19397737085819244,0.5889878869056702,0.2587583661079407,-0.9087878465652466,-0.021266890689730644,-1.8867037296295166,0.13780470192432404,-1.07867431640625,1.2375118732452393,0.3974018394947052,0.09039202332496643,-0.08878527581691742,1.2601897716522217,-0.4493373930454254,1.2554335594177246,-1.8458901643753052,0.03657351806759834,-0.9259725213050842,1.3509498834609985,-0.9082205891609192,-0.34970682859420776,0.6283998,0.6214132
21,-4.480541229248047,2.299740791320801,-0.49808406829833984,3.7833127975463867,-4.074342250823975,5.0739569664001465,2.116204023361206,-0.9958800077438354,-0.33620330691337585,-2.9840145111083984,1.6136153936386108,-0.9360644817352295,2.0870556831359863,-0.8005722165107727,-0.6107712388038635,-1.7257658243179321,0.19868502020835876,-2.4443788528442383,-2.9128174781799316,3.066340684890747,-0.684770405292511,3.1916496753692627,-4.389629364013672,2.745645046234131,4.223879337310791,-2.1398916244506836,-0.13524723052978516,-3.5751519203186035,1.7723218202590942,-6.727667331695557,3.0694384574890137,-1.040908694267273,-0.21318767964839935,-1.3630115985870361,1.739052414894104,-3.626783847808838,1.212000846862793,-1.4995131492614746,-0.44032973051071167,-1.7727291584014893,0.061357054859399796,-2.964716911315918,1.825638771057129,-2.8900675773620605,-0.5633883476257324,-3.2365012168884277,0.8470090627670288,-2.1504738330841064,-2.5476644039154053,-0.6452661752700806,-0.3417988121509552,1.1035239696502686,-3.7528440952301025,0.33690452575683594,1.230278730392456,0.9565884470939636,-0.5258949398994446,-1.863296389579773,-0.04142466560006142,0.5149995684623718,4.263201713562012,-2.555506706237793,-0.2819131016731262,-5.769155025482178,3.61338210105896,-3.4333739280700684,-1.5656750202178955,1.614067554473877,-0.48095613718032837,1.85037100315094,-1.5296424627304077,2.436911106109619,-4.321374416351318,3.5614519119262695,-0.34005969762802124,5.059507846832275,-4.370607852935791,4.690306186676025,2.613309860229492,-0.7177622318267822,-0.6113800406455994,-2.4070091247558594,1.1393272876739502,-1.269274115562439,2.711897373199463,-1.0408306121826172,-0.44009292125701904,-3.9157514572143555,2.0583224296569824,-3.7424004077911377,1.273393154144287,-0.9994260668754578,-0.05489257350564003,-1.4514161348342896,1.4772578477859497,-1.4456150531768799,0.25520557165145874,0.2561311423778534,0.3170539140701294,0.37839701771736145,-0.20323161780834198,0.4826553165912628,-0.4051039218902588,0.5991190075874329,-0.23491907119750977,-0.4537395238876343,-0.4979972243309021,0.08550229668617249,1.4281924962997437,0.3497673273086548,-0.09344667941331863,0.4658943712711334,1.2188416719436646,0.6341158151626587,1.6818767786026,0.4097840487957001,0.26132726669311523,-0.708141028881073,1.2913939952850342,-1.410701036453247,-2.354341506958008,0.7257917523384094,-0.1205243170261383,1.2038708925247192,-0.7403803467750549,1.726047396659851,4.079029560089111,-3.237893581390381,-0.2533952295780182,-2.384659767150879,3.036813497543335,-5.595698356628418,-3.277818441390991,0.8902418613433838,-0.2789028584957123,1.882450819015503,-2.008997917175293,2.424835443496704,-0.9629123210906982,1.251235008239746,-0.4081817865371704,0.5692205429077148,-0.7153103351593018,1.9066054821014404,3.7019338607788086,-2.5576703548431396,-0.19048918783664703,-3.184558153152466,1.9767276048660278,-3.433730363845825,-6.004011154174805,3.4528753757476807,-0.41486993432044983,3.711132049560547,-3.3228960037231445,4.080316066741943,-3.9945359230041504,0.6158328056335449,-0.1835489422082901,2.75618577003479,-1.5276867151260376,1.536411166191101,-1.687727451324463,0.1372007578611374,-0.36141353845596313,0.9451650977134705,-2.3010919094085693,1.39457106590271,-3.780013084411621,-0.4861261546611786,-0.7476077675819397,2.091689348220825,-2.696763038635254,1.7448766231536865,2.3767480850219727,-2.1503915786743164,-0.5227103233337402,-2.3200674057006836,0.5478420853614807,-1.0771315097808838,0.4055180847644806,-1.3701761960983276,-0.26085391640663147,0.11967163532972336,0.4611760973930359,0.8714991211891174,-5.229124546051025,1.2004716396331787,-0.5534231066703796,2.90263032913208,-3.0015294551849365,5.494385719299316,0.58062744140625,-1.821456789970398,-0.5089278221130371,-1.0705440044403076,3.100238800048828,-1.0645310878753662,4.245558738708496,-3.9772591590881348,-0.24489779770374298,-3.2237300872802734,4.520583629608154,-6.099544525146484,-3.7102482318878174,1.081491231918335,-0.4411298334598541,1.4335016012191772,-0.4887257516384125,1.5439229011535645,-3.5405492782592773,2.0932745933532715,0.015285278670489788,2.607494354248047,-3.6822798252105713,3.975834846496582,-1.3338350057601929,0.6732598543167114,-0.16192187368869781,1.9533640146255493,-0.532943844795227,0.9961894750595093,0.6447394490242004,0.23958399891853333,0.34448322653770447,-0.17479561269283295,0.38453739881515503,0.3368908166885376,-1.044211506843567,-0.5953035950660706,-0.14851680397987366,0.35962289571762085,-0.5880019664764404,0.12567546963691711,0.9233323931694031,-0.03319038078188896,-0.2314770668745041,0.029561176896095276,0.3793522119522095,0.7154273390769958,-0.8413640856742859,-0.10427659749984741,-0.3531026542186737,0.4915086328983307,-0.2048792839050293,0.5795698165893555,0.2777194380760193,-0.936913013458252,-0.02171964757144451,-1.9466445446014404,0.11925584077835083,-1.0882840156555176,1.2377431392669678,0.4514026939868927,0.08513285219669342,-0.11415988206863403,1.298110008239746,-0.478613942861557,1.254051923751831,-1.880210280418396,0.02806570753455162,-0.9348950386047363,1.3371278047561646,-0.8972675204277039,-0.3462207019329071,0.6284995,0.6214132
22,-4.5407867431640625,2.3052048683166504,-0.49962785840034485,3.8154890537261963,-4.1718339920043945,5.140010833740234,2.1286940574645996,-0.9817892909049988,-0.3380632996559143,-3.0174663066864014,1.6612579822540283,-0.9720941781997681,2.1347460746765137,-0.7785091400146484,-0.6120976209640503,-1.7380075454711914,0.21877162158489227,-2.507469654083252,-2.9549195766448975,3.1235361099243164,-0.6865589618682861,3.2391557693481445,-4.472288608551025,2.7902166843414307,4.284793853759766,-2.1430206298828125,-0.13756069540977478,-3.6265084743499756,1.7795766592025757,-6.805091381072998,3.127042293548584,-1.0049768686294556,-0.21481958031654358,-1.4170596599578857,1.7409231662750244,-3.686333656311035,1.2329424619674683,-1.4981642961502075,-0.4415416419506073,-1.71206796169281,0.06113148108124733,-3.0655672550201416,1.8453449010849,-2.9260008335113525,-0.5655323266983032,-3.245939254760742,0.8564803600311279,-2.1718945503234863,-2.554915428161621,-0.6834395527839661,-0.3443993926048279,1.1942918300628662,-3.8323464393615723,0.30060073733329773,1.2683730125427246,1.0358328819274902,-0.5278928875923157,-1.9350141286849976,-0.040943317115306854,0.53239905834198,4.295780658721924,-2.555039882659912,-0.2832789123058319,-5.913005828857422,3.667879819869995,-3.432584762573242,-1.5709116458892822,1.6403158903121948,-0.4828585684299469,1.8277132511138916,-1.5657185316085815,2.521198034286499,-4.376575946807861,3.558746099472046,-0.3424944281578064,5.097168445587158,-4.428781032562256,4.762022972106934,2.6560301780700684,-0.7349380254745483,-0.6129553914070129,-2.47615647315979,1.139947533607483,-1.2544857263565063,2.7259836196899414,-0.9536898136138916,-0.44065436720848083,-3.9724135398864746,2.0930590629577637,-3.8250792026519775,1.3041530847549438,-0.9814209938049316,-0.05662288889288902,-1.4493372440338135,1.5079082250595093,-1.4745665788650513,0.2605017423629761,0.26688557863235474,0.31702661514282227,0.3873625099658966,-0.19477808475494385,0.4969903528690338,-0.403461217880249,0.6248822808265686,-0.23552115261554718,-0.4402718245983124,-0.541479229927063,0.07131292670965195,1.4529573917388916,0.35698214173316956,-0.09386185556650162,0.5047327876091003,1.2228095531463623,0.6121912598609924,1.7126766443252563,0.4743947684764862,0.2609767019748688,-0.7068577408790588,1.32322359085083,-1.4607162475585938,-2.3936195373535156,0.7330067157745361,-0.12095779925584793,1.2215712070465088,-0.7355334162712097,1.7537803649902344,4.1465959548950195,-3.352210521697998,-0.25473925471305847,-2.3208420276641846,3.0710880756378174,-5.708374500274658,-3.366255521774292,0.8800933361053467,-0.2803534269332886,1.9014866352081299,-2.0194613933563232,2.4629907608032227,-0.9729923605918884,1.3140709400177002,-0.40923213958740234,0.5484987497329712,-0.7556731700897217,1.9516942501068115,3.7875709533691406,-2.569585084915161,-0.19157500565052032,-3.290175437927246,1.97898268699646,-3.456717014312744,-6.08526086807251,3.5180954933166504,-0.4167618453502655,3.7055633068084717,-3.3359475135803223,4.15000057220459,-4.067203044891357,0.5980373024940491,-0.18536986410617828,2.844053268432617,-1.5293656587600708,1.5291599035263062,-1.6970194578170776,0.10940331965684891,-0.36252450942993164,0.9654118418693542,-2.357964515686035,1.4116164445877075,-3.8222784996032715,-0.5454734563827515,-0.749644935131073,2.1353533267974854,-2.7408926486968994,1.7584511041641235,2.449917793273926,-2.229264497756958,-0.5251595973968506,-2.3294785022735596,0.48721808195114136,-1.058992624282837,0.3982785642147064,-1.3974007368087769,-0.2623159885406494,0.10235849767923355,0.49385201930999756,0.9164239764213562,-5.344776630401611,1.1655428409576416,-0.555112361907959,2.9048690795898438,-2.9989264011383057,5.615973472595215,0.5766978859901428,-1.8674429655075073,-0.5103983283042908,-1.0926967859268188,3.2016308307647705,-1.0394432544708252,4.269262313842773,-4.041998863220215,-0.24656812846660614,-3.1948342323303223,4.589845657348633,-6.205077171325684,-3.8018479347229004,1.1125856637954712,-0.4424445331096649,1.447062611579895,-0.43190115690231323,1.5765562057495117,-3.578439474105835,2.1847071647644043,0.014305653981864452,2.592069387435913,-3.713459014892578,4.038581371307373,-1.3417730331420898,0.6274464130401611,-0.1638200879096985,2.026439666748047,-0.5145052075386047,1.0156418085098267,0.6606873273849487,0.23496778309345245,0.34447187185287476,-0.1742856651544571,0.3940574526786804,0.34374719858169556,-1.0499475002288818,-0.6070375442504883,-0.14921100437641144,0.39298486709594727,-0.5917434692382812,0.11354858428239822,0.9418702125549316,-0.024027734994888306,-0.23198530077934265,0.009493591263890266,0.39324846863746643,0.7379987239837646,-0.8340632319450378,-0.09577560424804688,-0.35341590642929077,0.5311657786369324,-0.2180016189813614,0.5681324601173401,0.29617103934288025,-0.9658043384552002,-0.022141218185424805,-2.004603385925293,0.10083358734846115,-1.0974434614181519,1.2379190921783447,0.5071219205856323,0.08018089085817337,-0.1409836709499359,1.3360133171081543,-0.5080403089523315,1.253187656402588,-1.9120328426361084,0.019822027534246445,-0.9457044005393982,1.3234132528305054,-0.8862330913543701,-0.34222713112831116,0.6284995,0.61956185
23,-4.5977864265441895,2.308976650238037,-0.5010424256324768,3.8464369773864746,-4.267951488494873,5.204200744628906,2.140563726425171,-0.967875063419342,-0.33978503942489624,-3.0466654300689697,1.7075040340423584,-1.0095787048339844,2.1798880100250244,-0.7566125988960266,-0.613344132900238,-1.746924638748169,0.2404664158821106,-2.569401979446411,-2.9964418411254883,3.1770131587982178,-0.6881717443466187,3.2870781421661377,-4.55051326751709,2.8328399658203125,4.341723918914795,-2.1515800952911377,-0.1397051364183426,-3.678025960922241,1.7877713441848755,-6.874463081359863,3.1825451850891113,-0.9623324871063232,-0.21640212833881378,-1.4742294549942017,1.7421444654464722,-3.7431256771087646,1.253523588180542,-1.4960533380508423,-0.44265812635421753,-1.6480213403701782,0.06121635437011719,-3.166222333908081,1.8634344339370728,-2.9597127437591553,-0.5676049590110779,-3.251291036605835,0.8654116988182068,-2.194765090942383,-2.5617640018463135,-0.7208424806594849,-0.34688520431518555,1.2869127988815308,-3.9090826511383057,0.2633962631225586,1.3062711954116821,1.1163477897644043,-0.5297521352767944,-2.0053064823150635,-0.04085789993405342,0.5476742386817932,4.326236248016357,-2.551924467086792,-0.284616082906723,-6.054831504821777,3.7200584411621094,-3.430305004119873,-1.5747259855270386,1.6677294969558716,-0.48464593291282654,1.7988778352737427,-1.6000468730926514,2.6082332134246826,-4.4297099113464355,3.549908399581909,-0.3447406589984894,5.1327691078186035,-4.484736442565918,4.834270477294922,2.6969220638275146,-0.7555945515632629,-0.6144675016403198,-2.5433855056762695,1.140329122543335,-1.2385903596878052,2.740443229675293,-0.8614979982376099,-0.4412166476249695,-4.026263236999512,2.1266798973083496,-3.9069855213165283,1.3338083028793335,-0.9614984393119812,-0.05833854153752327,-1.4436278343200684,1.537921667098999,-1.5049089193344116,0.2657567262649536,0.27797773480415344,0.31700649857521057,0.3963873088359833,-0.186448872089386,0.5110746622085571,-0.40019136667251587,0.6486762166023254,-0.2360859513282776,-0.4232896864414215,-0.5844160914421082,0.055658143013715744,1.4778411388397217,0.3623277544975281,-0.09427589923143387,0.5455427169799805,1.2251803874969482,0.5888636708259583,1.7420095205307007,0.5409132242202759,0.26065003871917725,-0.7064437866210938,1.3546069860458374,-1.5107643604278564,-2.4300851821899414,0.7398223876953125,-0.12135902792215347,1.2385722398757935,-0.7314327955245972,1.7823567390441895,4.211686134338379,-3.469964027404785,-0.2560604512691498,-2.2538845539093018,3.103445291519165,-5.81784725189209,-3.4531397819519043,0.869037926197052,-0.2817867696285248,1.9173147678375244,-2.027970314025879,2.5008411407470703,-0.98236083984375,1.3783940076828003,-0.41028299927711487,0.5265189409255981,-0.7957894802093506,1.9961103200912476,3.8719699382781982,-2.5778536796569824,-0.19273018836975098,-3.3974578380584717,1.977927327156067,-3.475447416305542,-6.163197040557861,3.580925941467285,-0.41858023405075073,3.6960434913635254,-3.347078561782837,4.219768047332764,-4.134747505187988,0.5803024768829346,-0.18711677193641663,2.93184232711792,-1.5337178707122803,1.5196363925933838,-1.7068955898284912,0.08015823364257812,-0.3635444939136505,0.98585444688797,-2.4143941402435303,1.4270744323730469,-3.863585948944092,-0.6024420261383057,-0.751602828502655,2.1783652305603027,-2.782384157180786,1.7698460817337036,2.520214080810547,-2.307938814163208,-0.5275101661682129,-2.3375542163848877,0.4247656762599945,-1.0403344631195068,0.3890663683414459,-1.4208756685256958,-0.2637440264225006,0.08478837460279465,0.5265071988105774,0.9604786038398743,-5.457231521606445,1.129911184310913,-0.5567187070846558,2.9054529666900635,-2.9939117431640625,5.734667778015137,0.5738939046859741,-1.912769079208374,-0.5118973851203918,-1.116560935974121,3.2967236042022705,-1.0126932859420776,4.291384220123291,-4.106224060058594,-0.24827362596988678,-3.16624116897583,4.65722131729126,-6.305119037628174,-3.8898839950561523,1.1436651945114136,-0.44373711943626404,1.4626622200012207,-0.37663546204566956,1.6057722568511963,-3.6150012016296387,2.279541254043579,0.013418120332062244,2.57492733001709,-3.742231607437134,4.09749174118042,-1.3509589433670044,0.5774309039115906,-0.16560238599777222,2.096489429473877,-0.4955826699733734,1.0360122919082642,0.6765346527099609,0.22999988496303558,0.3444528579711914,-0.1739029884338379,0.4036032259464264,0.35073259472846985,-1.0560791492462158,-0.6178699731826782,-0.14990359544754028,0.4275239408016205,-0.5959588289260864,0.10072212666273117,0.9597657322883606,-0.014830874279141426,-0.2324688583612442,-0.012385222129523754,0.4064033329486847,0.7605941891670227,-0.82459956407547,-0.08578543365001678,-0.35374531149864197,0.5734443068504333,-0.23311404883861542,0.5546307563781738,0.3141207695007324,-0.9955561757087708,-0.022533128038048744,-2.0605454444885254,0.08246037364006042,-1.106317162513733,1.2380415201187134,0.5642490386962891,0.0755096971988678,-0.16902343928813934,1.3737949132919312,-0.5374512672424316,1.2528084516525269,-1.9406887292861938,0.011863356456160545,-0.9582560062408447,1.3098198175430298,-0.8751645684242249,-0.33773061633110046,0.62847453,0.62017894
24,-4.651669979095459,2.3110945224761963,-0.5023437738418579,3.8763177394866943,-4.362792015075684,5.266769886016846,2.15200138092041,-0.9544726014137268,-0.34138351678848267,-3.0720746517181396,1.7523564100265503,-1.0480775833129883,2.2226080894470215,-0.7353666424751282,-0.6145089268684387,-1.7525936365127563,0.26373255252838135,-2.6301283836364746,-3.0376226902008057,3.2265377044677734,-0.6896193623542786,3.335556983947754,-4.6245856285095215,2.8738067150115967,4.394861698150635,-2.165916919708252,-0.14169377088546753,-3.7291228771209717,1.7967612743377686,-6.936065673828125,3.2362003326416016,-0.9129831790924072,-0.2179431915283203,-1.534017562866211,1.7427821159362793,-3.7975406646728516,1.2736300230026245,-1.4935698509216309,-0.44369080662727356,-1.5814406871795654,0.061648912727832794,-3.2664175033569336,1.8800681829452515,-2.9912941455841064,-0.5696104168891907,-3.2530429363250732,0.8738099336624146,-2.2188844680786133,-2.568382740020752,-0.7577462196350098,-0.3492668867111206,1.3810467720031738,-3.9832513332366943,0.22538556158542633,1.3440536260604858,1.197705626487732,-0.5314738750457764,-2.0739054679870605,-0.041335299611091614,0.5611119270324707,4.3547587394714355,-2.546212673187256,-0.2859271764755249,-6.1945271492004395,3.7700798511505127,-3.426698923110962,-1.5771821737289429,1.6964842081069946,-0.48632603883743286,1.7643696069717407,-1.6328151226043701,2.6977434158325195,-4.480879306793213,3.5351920127868652,-0.3468160033226013,5.166544437408447,-4.538963794708252,4.90712308883667,2.7360782623291016,-0.7797264456748962,-0.6159348487854004,-2.608438730239868,1.1404606103897095,-1.221787691116333,2.7552921772003174,-0.7645998001098633,-0.4417717158794403,-4.077746868133545,2.1594486236572266,-3.9879376888275146,1.3626450300216675,-0.9399283528327942,-0.06004238873720169,-1.4342541694641113,1.5671519041061401,-1.5367511510849,0.2709759771823883,0.2893776297569275,0.31699156761169434,0.4054737687110901,-0.17826838791370392,0.5248965620994568,-0.3955371379852295,0.6704149842262268,-0.23661817610263824,-0.40286603569984436,-0.6266721487045288,0.03866540268063545,1.5028212070465088,0.3658008575439453,-0.09468778222799301,0.5881326198577881,1.2261143922805786,0.5644147992134094,1.76998770236969,0.6093403697013855,0.26034432649612427,-0.7070775628089905,1.3855832815170288,-1.5607320070266724,-2.463913917541504,0.7461482286453247,-0.12173145264387131,1.2547671794891357,-0.7281116843223572,1.8119665384292603,4.274479389190674,-3.5908257961273193,-0.25735315680503845,-2.1843762397766113,3.1342060565948486,-5.924062252044678,-3.5385236740112305,0.8571447730064392,-0.2832043766975403,1.9298925399780273,-2.034597396850586,2.5384271144866943,-0.9910678863525391,1.4439810514450073,-0.4113374948501587,0.5038061738014221,-0.8354610800743103,2.0397050380706787,3.9552273750305176,-2.5824472904205322,-0.19394634664058685,-3.506066083908081,1.973799228668213,-3.49025297164917,-6.238160133361816,3.641028881072998,-0.42032575607299805,3.683000087738037,-3.3565101623535156,4.289638042449951,-4.197506904602051,0.5629602074623108,-0.1887959986925125,3.019273281097412,-1.540596842765808,1.5079697370529175,-1.7173320055007935,0.04957560822367668,-0.36447227001190186,1.006569504737854,-2.4703071117401123,1.4408189058303833,-3.904111862182617,-0.6566314697265625,-0.7534870505332947,2.220620632171631,-2.821125030517578,1.7791441679000854,2.5877585411071777,-2.385807991027832,-0.5297667384147644,-2.3443329334259033,0.36073410511016846,-1.0213801860809326,0.3781682848930359,-1.4404985904693604,-0.2651340961456299,0.06725519150495529,0.5590562224388123,1.0033953189849854,-5.566619873046875,1.0936297178268433,-0.5582548379898071,2.9045677185058594,-2.986633539199829,5.850417137145996,0.5722779035568237,-1.956896424293518,-0.5134140253067017,-1.142338752746582,3.3857390880584717,-0.9846195578575134,4.312248706817627,-4.16961669921875,-0.25000277161598206,-3.13805890083313,4.722846031188965,-6.399918556213379,-3.9745075702667236,1.1748319864273071,-0.445007860660553,1.4806426763534546,-0.3230218291282654,1.6312682628631592,-3.6503844261169434,2.3772010803222656,0.012614069506525993,2.556490898132324,-3.768719434738159,4.152653217315674,-1.3616230487823486,0.5234795212745667,-0.16727475821971893,2.1632282733917236,-0.4760642945766449,1.0574251413345337,0.6922570466995239,0.22467294335365295,0.34442654252052307,-0.17363278567790985,0.4131706655025482,0.35782742500305176,-1.0627497434616089,-0.627921462059021,-0.15059201419353485,0.4632260501384735,-0.6005523800849915,0.08715810626745224,0.9771348834037781,-0.005834660958498716,-0.23292836546897888,-0.03582734242081642,0.41888993978500366,0.7833747863769531,-0.813280463218689,-0.07445282489061356,-0.3540872037410736,0.6183950901031494,-0.24997708201408386,0.5390578508377075,0.331592857837677,-1.0262335538864136,-0.022896461188793182,-2.114470958709717,0.06405007094144821,-1.1150603294372559,1.238078236579895,0.6224653124809265,0.07109439373016357,-0.1980055719614029,1.4113831520080566,-0.5666313171386719,1.2528623342514038,-1.9655503034591675,0.004198936279863119,-0.9723408222198486,1.2963260412216187,-0.8641306757926941,-0.33273112773895264,0.62820035,0.6198704
25,-4.702619552612305,2.311450242996216,-0.5035414099693298,3.9053456783294678,-4.456441402435303,5.327956199645996,2.163184881210327,-0.941896378993988,-0.3428664207458496,-3.0941617488861084,1.7958252429962158,-1.0871855020523071,2.2630228996276855,-0.7152549028396606,-0.615610659122467,-1.7551687955856323,0.2885468304157257,-2.689584255218506,-3.0786218643188477,3.2719407081604004,-0.6909250617027283,3.384655237197876,-4.694756031036377,2.9133808612823486,4.444323539733887,-2.1862218379974365,-0.14353840053081512,-3.7792792320251465,1.8065186738967896,-6.990324974060059,3.2882497310638428,-0.8570896983146667,-0.21943935751914978,-1.5958671569824219,1.742907166481018,-3.849902868270874,1.2931095361709595,-1.4911216497421265,-0.4446454644203186,-1.5132116079330444,0.0624539777636528,-3.365922451019287,1.8953595161437988,-3.0208468437194824,-0.5715607404708862,-3.251593828201294,0.881689727306366,-2.244008779525757,-2.575016736984253,-0.7944148182868958,-0.3515569865703583,1.4763855934143066,-4.0549750328063965,0.18669430911540985,1.381780982017517,1.2794474363327026,-0.5330830812454224,-2.1406006813049316,-0.04251042753458023,0.5729998350143433,4.381603717803955,-2.538048028945923,-0.28721579909324646,-6.331918239593506,3.818000316619873,-3.4218990802764893,-1.5782660245895386,1.7267106771469116,-0.48791131377220154,1.7247635126113892,-1.6642450094223022,2.7894399166107178,-4.530274868011475,3.5150558948516846,-0.348737895488739,5.1986846923828125,-4.5917768478393555,4.980447769165039,2.7735095024108887,-0.8071976900100708,-0.6173614263534546,-2.6711227893829346,1.1403385400772095,-1.2042288780212402,2.770500421524048,-0.6634080410003662,-0.4423256814479828,-4.127392292022705,2.191622257232666,-4.067783355712891,1.3908778429031372,-0.9170296788215637,-0.06173809617757797,-1.421236276626587,1.595477819442749,-1.570216178894043,0.27615904808044434,0.30105289816856384,0.31698209047317505,0.4146180748939514,-0.17024964094161987,0.5384457111358643,-0.3897247016429901,0.6900519728660583,-0.23711976408958435,-0.37912270426750183,-0.6681351661682129,0.020465945824980736,1.5279040336608887,0.36746644973754883,-0.09509877115488052,0.632284939289093,1.2257744073867798,0.5391161441802979,1.7967312335968018,0.679681658744812,0.260059118270874,-0.7089381217956543,1.4162298440933228,-1.6105190515518188,-2.495244026184082,0.7519318461418152,-0.12207868695259094,1.270107388496399,-0.7255638241767883,1.842810869216919,4.335148811340332,-3.714310884475708,-0.258620023727417,-2.1129207611083984,3.163670301437378,-6.02711820602417,-3.6224563121795654,0.844482421875,-0.28460437059402466,1.9392569065093994,-2.0393354892730713,2.5757064819335938,-0.9991099834442139,1.5105164051055908,-0.41239580512046814,0.4808313548564911,-0.8744972944259644,2.0823466777801514,4.0374369621276855,-2.583434820175171,-0.19521300494670868,-3.6156327724456787,1.9668593406677246,-3.501455783843994,-6.310251235961914,3.6981468200683594,-0.4220031797885895,3.6669578552246094,-3.364466428756714,4.359581470489502,-4.255753993988037,0.5463446974754333,-0.1904100775718689,3.1060354709625244,-1.5498735904693604,1.4942941665649414,-1.7282943725585938,0.017757324501872063,-0.3653210997581482,1.027573823928833,-2.525588035583496,1.452689290046692,-3.943971633911133,-0.7077049612998962,-0.7552955150604248,2.2619340419769287,-2.8571085929870605,1.7864235639572144,2.6525964736938477,-2.4622676372528076,-0.5319344997406006,-2.3498306274414062,0.2953328490257263,-1.0023927688598633,0.365861177444458,-1.4562709331512451,-0.26648715138435364,0.05001208931207657,0.5913934111595154,1.0449302196502686,-5.673113822937012,1.0567362308502197,-0.5597230792045593,2.902395725250244,-2.977203845977783,5.963254451751709,0.5719156861305237,-1.9992684125900269,-0.514944314956665,-1.170136570930481,3.4688308238983154,-0.9555174708366394,4.33202600479126,-4.231917381286621,-0.25175338983535767,-3.1104557514190674,4.786855220794678,-6.489738941192627,-4.055722236633301,1.2062619924545288,-0.4462578296661377,1.5012571811676025,-0.2711327373981476,1.652759313583374,-3.6846041679382324,2.4771456718444824,0.01188601739704609,2.537242889404297,-3.7930831909179688,4.204278469085693,-1.3739155530929565,0.4659711420536041,-0.1688431352376938,2.2263636589050293,-0.45589479804039,1.0799875259399414,0.7078429460525513,0.2189895063638687,0.3443937599658966,-0.17345473170280457,0.4227476716041565,0.3650059401988983,-1.0700119733810425,-0.6373636722564697,-0.1512780338525772,0.5001063942909241,-0.6054304242134094,0.0728273093700409,0.9940944910049438,0.0027399095706641674,-0.23336488008499146,-0.060561906546354294,0.4307624101638794,0.8064675331115723,-0.8003567457199097,-0.061950258910655975,-0.3544407784938812,0.6660032868385315,-0.2683509290218353,0.5214239954948425,0.348606675863266,-1.0577858686447144,-0.023232271894812584,-2.166369676589966,0.045514512807130814,-1.1237910985946655,1.2379649877548218,0.6814321875572205,0.06691313534975052,-0.22760778665542603,1.4486892223358154,-0.595345675945282,1.2533047199249268,-1.9860817193984985,-0.0031714150682091713,-0.9877257347106934,1.2829337120056152,-0.8532008528709412,-0.3272472321987152,0.6280009,0.620796
26,-4.750795841217041,2.310006618499756,-0.5046454071998596,3.9336371421813965,-4.5490403175354,5.38789176940918,2.1742336750030518,-0.930485188961029,-0.3442418873310089,-3.1133573055267334,1.837950587272644,-1.1264915466308594,2.3012068271636963,-0.6967031955718994,-0.6166495084762573,-1.7548354864120483,0.3148863911628723,-2.7476584911346436,-3.119619131088257,3.313093662261963,-0.6921119689941406,3.4343364238739014,-4.761087417602539,2.9518470764160156,4.49030876159668,-2.212428569793701,-0.1452483981847763,-3.828023910522461,1.8169679641723633,-7.037452697753906,3.3389170169830322,-0.7949351668357849,-0.22089575231075287,-1.6591774225234985,1.7425678968429565,-3.900594472885132,1.3118292093276978,-1.4890954494476318,-0.4455273449420929,-1.444118618965149,0.06365051865577698,-3.4644079208374023,1.9094114303588867,-3.048557996749878,-0.5734629034996033,-3.2473435401916504,0.8890964984893799,-2.2698824405670166,-2.5818397998809814,-0.8310684561729431,-0.3537684977054596,1.5725678205490112,-4.124459266662598,0.14745742082595825,1.419459581375122,1.3610318899154663,-0.5345877408981323,-2.205232620239258,-0.04447494074702263,0.583591103553772,4.407036781311035,-2.5275778770446777,-0.2884795665740967,-6.466978549957275,3.864044189453125,-3.4160847663879395,-1.578033447265625,1.758461833000183,-0.48940563201904297,1.6806527376174927,-1.6944947242736816,2.8829538822174072,-4.578122615814209,3.4900619983673096,-0.3505233824253082,5.229318141937256,-4.643458366394043,5.054091453552246,2.809349775314331,-0.837754487991333,-0.6187388300895691,-2.731337070465088,1.1399832963943481,-1.1860768795013428,2.786003589630127,-0.5583948493003845,-0.44287964701652527,-4.175678253173828,2.2234346866607666,-4.146374702453613,1.4186608791351318,-0.893169641494751,-0.06342937797307968,-1.4046709537506104,1.6227635145187378,-1.6053686141967773,0.2813063859939575,0.31296831369400024,0.31697648763656616,0.42381176352500916,-0.1624048352241516,0.5517198443412781,-0.382968932390213,0.7075769305229187,-0.23759886622428894,-0.3522156774997711,-0.7087311148643494,0.0011867447756230831,1.55305016040802,0.36745747923851013,-0.09550956636667252,0.6777580976486206,1.2243022918701172,0.5132142305374146,1.8223612308502197,0.7519255876541138,0.2597963511943817,-0.7121825218200684,1.4465417861938477,-1.66001296043396,-2.5242669582366943,0.7571316957473755,-0.12240399420261383,1.284510850906372,-0.7238022089004517,1.8750598430633545,4.393896102905273,-3.8399064540863037,-0.25985586643218994,-2.0401086807250977,3.1920981407165527,-6.126992225646973,-3.7049295902252197,0.8311213254928589,-0.2859909236431122,1.9454755783081055,-2.042250633239746,2.6126534938812256,-1.0064620971679688,1.577536702156067,-0.413456529378891,0.458027184009552,-0.9127326011657715,2.1238973140716553,4.118653297424316,-2.5809550285339355,-0.19652453064918518,-3.7257626056671143,1.9573339223861694,-3.5093729496002197,-6.379690170288086,3.752072334289551,-0.4236217141151428,3.648376703262329,-3.371051073074341,4.429587364196777,-4.3096923828125,0.5307834148406982,-0.19196394085884094,3.191866874694824,-1.561409592628479,1.478737473487854,-1.7396750450134277,-0.01520012691617012,-0.36609527468681335,1.048895239830017,-2.5801808834075928,1.462613582611084,-3.983290195465088,-0.755391001701355,-0.7570448517799377,2.302217721939087,-2.890336751937866,1.7917782068252563,2.7148935794830322,-2.536759614944458,-0.5340133905410767,-2.3540878295898438,0.2287779152393341,-0.983637809753418,0.3524203598499298,-1.4682433605194092,-0.26780784130096436,0.03326043114066124,0.6234312057495117,1.0848495960235596,-5.776850700378418,1.019286036491394,-0.5611242055892944,2.89912748336792,-2.965766429901123,6.073246002197266,0.5728394985198975,-2.039238214492798,-0.5164785981178284,-1.2001022100448608,3.5462749004364014,-0.9256713390350342,4.350894451141357,-4.292857646942139,-0.2535090148448944,-3.083517074584961,4.849259853363037,-6.574912071228027,-4.1336541175842285,1.2381718158721924,-0.44748005270957947,1.52469003200531,-0.22099557518959045,1.6700373888015747,-3.717733144760132,2.578772783279419,0.011227593757212162,2.517568588256836,-3.8154189586639404,4.252463340759277,-1.3879179954528809,0.40538573265075684,-0.1703169196844101,2.2856876850128174,-0.43505945801734924,1.1038161516189575,0.7232863306999207,0.21295277774333954,0.3443538248538971,-0.17335110902786255,0.43231436610221863,0.3722437918186188,-1.077937126159668,-0.6463954448699951,-0.15195812284946442,0.538182258605957,-0.6105192303657532,0.05772768706083298,1.0107365846633911,0.010695562697947025,-0.23377810418605804,-0.08631030470132828,0.4420563578605652,0.829998254776001,-0.7860561609268188,-0.04846102371811867,-0.3548014760017395,0.7161892652511597,-0.2880036532878876,0.5017686486244202,0.36519601941108704,-1.090192198753357,-0.02354169636964798,-2.2162320613861084,0.02677353285253048,-1.1325757503509521,1.2376363277435303,0.7408314943313599,0.06294560432434082,-0.2575184404850006,1.485666275024414,-0.6233671307563782,1.2540698051452637,-2.0018763542175293,-0.01025441661477089,-1.004130482673645,1.2695740461349487,-0.8424606323242188,-0.3213042914867401,0.6283001,0.620796
27,-4.796411991119385,2.306706190109253,-0.5056624412536621,3.9612767696380615,-4.6406097412109375,5.446671485900879,2.1851789951324463,-0.9205335974693298,-0.3455204665660858,-3.1300363540649414,1.878749132156372,-1.1656759977340698,2.3372368812561035,-0.6800787448883057,-0.6176398992538452,-1.7518177032470703,0.34274137020111084,-2.8043010234832764,-3.1607794761657715,3.3500120639801025,-0.6931849122047424,3.4845499992370605,-4.823846817016602,2.9894049167633057,4.533044815063477,-2.2443785667419434,-0.14683304727077484,-3.874985456466675,1.8281015157699585,-7.0780181884765625,3.388420820236206,-0.726921796798706,-0.2223130762577057,-1.7233641147613525,1.741762399673462,-3.949894666671753,1.329626441001892,-1.4878835678100586,-0.44634947180747986,-1.3748961687088013,0.06524630635976791,-3.5616493225097656,1.9223110675811768,-3.0745902061462402,-0.5753222107887268,-3.240650177001953,0.8960760235786438,-2.296250343322754,-2.589017391204834,-0.8678687214851379,-0.35590875148773193,1.6692982912063599,-4.191776752471924,0.10780897736549377,1.457016944885254,1.4419198036193848,-0.5359919667243958,-2.267704486846924,-0.04729285463690758,0.5930885672569275,4.431187629699707,-2.5149810314178467,-0.28972652554512024,-6.599504470825195,3.908271551132202,-3.4093990325927734,-1.5764880180358887,1.7917125225067139,-0.4908234775066376,1.6326510906219482,-1.7237439155578613,2.977980852127075,-4.6245951652526855,3.460947036743164,-0.3521885573863983,5.258473873138428,-4.694217205047607,5.12794828414917,2.843630313873291,-0.871006190776825,-0.6200758814811707,-2.789024829864502,1.139392614364624,-1.1675238609313965,2.801725149154663,-0.4500637352466583,-0.44343164563179016,-4.22300386428833,2.2551028728485107,-4.223457336425781,1.4461311101913452,-0.8687319755554199,-0.06511884182691574,-1.384709358215332,1.648878574371338,-1.6422827243804932,0.2864227890968323,0.3250827193260193,0.3169742822647095,0.43304359912872314,-0.15473710000514984,0.5647239685058594,-0.37546369433403015,0.7230256795883179,-0.23805662989616394,-0.3223273456096649,-0.7483813166618347,-0.019058194011449814,1.5782581567764282,0.3659791350364685,-0.09592020511627197,0.7243044972419739,1.2218624353408813,0.4869098961353302,1.8469260931015015,0.826063871383667,0.2595478296279907,-0.7169520854949951,1.4765620231628418,-1.7091286182403564,-2.5511393547058105,0.761737048625946,-0.12270906567573547,1.297908067703247,-0.7228031158447266,1.9089149236679077,4.4508867263793945,-3.9670305252075195,-0.2610599398612976,-1.9665158987045288,3.2195940017700195,-6.223841190338135,-3.785928726196289,0.8171493411064148,-0.2873622477054596,1.9486111402511597,-2.043414831161499,2.64920711517334,-1.0131521224975586,1.6445025205612183,-0.41451624035835266,0.43575868010520935,-0.9500181674957275,2.1642253398895264,4.199004650115967,-2.5752456188201904,-0.19787456095218658,-3.8361170291900635,1.9454433917999268,-3.5142416954040527,-6.446562767028809,3.802570104598999,-0.4251849353313446,3.627748727798462,-3.37644100189209,4.499706268310547,-4.359610557556152,0.5165868997573853,-0.1934608519077301,3.2765052318573,-1.575093150138855,1.461403250694275,-1.751417875289917,-0.04920690879225731,-0.3667971193790436,1.0705045461654663,-2.6340014934539795,1.4705066680908203,-4.022026062011719,-0.7995048761367798,-0.7587247490882874,2.3413822650909424,-2.920804977416992,1.7953283786773682,2.774794340133667,-2.6087968349456787,-0.5360053181648254,-2.3570637702941895,0.1612740308046341,-0.9653922319412231,0.33809804916381836,-1.4766130447387695,-0.2690922021865845,0.0171466376632452,0.6550631523132324,1.1229292154312134,-5.877974033355713,0.9813539981842041,-0.5624582171440125,2.8949809074401855,-2.9524056911468506,6.180397987365723,0.57506263256073,-2.0762476921081543,-0.5180143713951111,-1.2323607206344604,3.618222951889038,-0.8953664898872375,4.369151592254639,-4.352125644683838,-0.25526827573776245,-3.057248115539551,4.910153865814209,-6.655647277832031,-4.2082977294921875,1.2707895040512085,-0.4486808776855469,1.5509618520736694,-0.17261259257793427,1.6829228401184082,-3.7498042583465576,2.6814768314361572,0.010633165016770363,2.4978244304656982,-3.835864305496216,4.297430515289307,-1.4036921262741089,0.3423328399658203,-0.1716969609260559,2.3409526348114014,-0.41356995701789856,1.1289701461791992,0.7385640144348145,0.20657771825790405,0.3443078398704529,-0.17330147325992584,0.4418649673461914,0.3795202076435089,-1.0864931344985962,-0.6552450060844421,-0.15263311564922333,0.5774847865104675,-0.6157482266426086,0.04188103601336479,1.02715003490448,0.01785929687321186,-0.23416881263256073,-0.11280035972595215,0.45280006527900696,0.8540715575218201,-0.7705590128898621,-0.03416967764496803,-0.35517317056655884,0.7688418626785278,-0.30871087312698364,0.48016637563705444,0.3813910186290741,-1.1233104467391968,-0.023825451731681824,-2.2641382217407227,0.007754872087389231,-1.141493320465088,1.236982822418213,0.8003618121147156,0.05917320027947426,-0.28740835189819336,1.5223050117492676,-0.6504920721054077,1.2550922632217407,-2.012667179107666,-0.017064236104488373,-1.0212832689285278,1.2562249898910522,-0.8319670557975769,-0.3149389326572418,0.62822527,0.620796
28,-4.839667320251465,2.3015689849853516,-0.5066137909889221,3.988285541534424,-4.731207370758057,5.504460334777832,2.1960372924804688,-0.912280797958374,-0.3467080891132355,-3.144543409347534,1.9182889461517334,-1.2044219970703125,2.3711659908294678,-0.6656293272972107,-0.61857670545578,-1.746372103691101,0.3721081614494324,-2.8593780994415283,-3.2022056579589844,3.382657527923584,-0.6941524744033813,3.535133123397827,-4.883101463317871,3.026329755783081,4.572559833526611,-2.2815561294555664,-0.14829997718334198,-3.919853448867798,1.8399502038955688,-7.112398147583008,3.4370038509368896,-0.6535876393318176,-0.22369517385959625,-1.7878938913345337,1.740522027015686,-3.9980509281158447,1.3463865518569946,-1.487818956375122,-0.4471157491207123,-1.3061623573303223,0.06723392009735107,-3.6573333740234375,1.9341357946395874,-3.099128007888794,-0.5771346092224121,-3.231900691986084,0.9026768803596497,-2.322888135910034,-2.596644878387451,-0.9048869013786316,-0.3579879701137543,1.7662776708602905,-4.257091522216797,0.06789490580558777,1.4944109916687012,1.521578073501587,-0.5373079776763916,-2.3279271125793457,-0.050997499376535416,0.6016837954521179,4.454216003417969,-2.500507354736328,-0.29095587134361267,-6.729487419128418,3.950857639312744,-3.4019806385040283,-1.5736725330352783,1.8263535499572754,-0.4921654164791107,1.5813097953796387,-1.7521305084228516,3.074192762374878,-4.66984224319458,3.4284615516662598,-0.3537445068359375,5.286240100860596,-4.744284629821777,5.201784610748291,2.876431941986084,-0.9064676761627197,-0.6213725805282593,-2.8442203998565674,1.1386131048202515,-1.1487218141555786,2.817577838897705,-0.3389533460140228,-0.4439832270145416,-4.269787311553955,2.286806583404541,-4.298831462860107,1.4733835458755493,-0.8441027998924255,-0.06680875271558762,-1.3615713119506836,1.6736925840377808,-1.6810107231140137,0.2915143668651581,0.3373628854751587,0.3169751763343811,0.44229546189308167,-0.14724722504615784,0.5774639248847961,-0.36737504601478577,0.7364969849586487,-0.23849469423294067,-0.2896639108657837,-0.7870302796363831,-0.04015815258026123,1.6035107374191284,0.36330512166023254,-0.09633021056652069,0.7716835737228394,1.2185548543930054,0.4603566527366638,1.8705549240112305,0.9020830988883972,0.2593143880367279,-0.7233589887619019,1.5062787532806396,-1.7577757835388184,-2.575957775115967,0.7657544016838074,-0.12299762666225433,1.3102526664733887,-0.7225467562675476,1.9445308446884155,4.506265640258789,-4.095005989074707,-0.262229323387146,-1.8926568031311035,3.2462635040283203,-6.317746162414551,-3.865457534790039,0.802646815776825,-0.28871870040893555,1.9487805366516113,-2.0428411960601807,2.6853344440460205,-1.0191965103149414,1.7107528448104858,-0.4155787527561188,0.41434136033058167,-0.9862366914749146,2.2032310962677,4.2784342765808105,-2.566690683364868,-0.19925466179847717,-3.946436882019043,1.9313932657241821,-3.51633620262146,-6.511135101318359,3.8494441509246826,-0.4266905188560486,3.6055493354797363,-3.3807313442230225,4.569940567016602,-4.4056596755981445,0.5040045380592346,-0.19490405917167664,3.3596832752227783,-1.5907882452011108,1.4424153566360474,-1.7634166479110718,-0.08418137580156326,-0.3674343526363373,1.0923645496368408,-2.6870245933532715,1.4763792753219604,-4.060183048248291,-0.8399227261543274,-0.7603475451469421,2.3793582916259766,-2.9485890865325928,1.7971946001052856,2.832495927810669,-2.6780309677124023,-0.5379043817520142,-2.3588428497314453,0.09301074594259262,-0.9479268789291382,0.3231399953365326,-1.4816328287124634,-0.2703450918197632,0.0017617795383557677,0.6862045526504517,1.1590300798416138,-5.976551055908203,0.943007230758667,-0.5637348890304565,2.8900740146636963,-2.9372551441192627,6.284755706787109,0.5786172151565552,-2.1098215579986572,-0.5195529460906982,-1.2670055627822876,3.6848819255828857,-0.8648460507392883,4.386962890625,-4.409532070159912,-0.25702425837516785,-3.0316667556762695,4.969515323638916,-6.73233699798584,-4.279694557189941,1.3043655157089233,-0.4498545825481415,1.5800707340240479,-0.12596391141414642,1.6913282871246338,-3.7808258533477783,2.7846436500549316,0.010098068043589592,2.478311538696289,-3.854501247406006,4.339417934417725,-1.4212170839309692,0.2775092124938965,-0.17299167811870575,2.3919620513916016,-0.39147549867630005,1.1555536985397339,0.7536681294441223,0.19987539947032928,0.3442557156085968,-0.1732906848192215,0.4513861835002899,0.3868076801300049,-1.0956591367721558,-0.6641274690628052,-0.15330500900745392,0.6180222034454346,-0.6210610866546631,0.02535099908709526,1.0434401035308838,0.02408941462635994,-0.23453734815120697,-0.139779731631279,0.4630056321620941,0.8787847757339478,-0.754016101360321,-0.01924673467874527,-0.35555461049079895,0.8237971067428589,-0.33026817440986633,0.45671212673187256,0.39721357822418213,-1.1570096015930176,-0.024084657430648804,-2.310044288635254,-0.0116002531722188,-1.1505647897720337,1.2359535694122314,0.8597553968429565,0.05558043718338013,-0.3169272541999817,1.5585718154907227,-0.6764987111091614,1.256300449371338,-2.0183706283569336,-0.023622339591383934,-1.038920521736145,1.2428590059280396,-0.8217957019805908,-0.30818867683410645,0.6283001,0.6217217
29,-4.880712509155273,2.294616937637329,-0.5074999928474426,4.0147223472595215,-4.820871353149414,5.561233043670654,2.206852436065674,-0.9058877825737,-0.34780851006507874,-3.1570940017700195,1.9565601348876953,-1.242487907409668,2.4030423164367676,-0.6535358428955078,-0.6194674968719482,-1.738781213760376,0.40297365188598633,-2.9128525257110596,-3.244100332260132,3.411118507385254,-0.695031464099884,3.5858652591705322,-4.939026832580566,3.062758684158325,4.609011650085449,-2.323486566543579,-0.1496574878692627,-3.9624722003936768,1.8525422811508179,-7.141047477722168,3.4848287105560303,-0.5755477547645569,-0.22504058480262756,-1.8522456884384155,1.7388379573822021,-4.04536771774292,1.3619688749313354,-1.4891318082809448,-0.44782960414886475,-1.238386631011963,0.06958725303411484,-3.75126576423645,1.9449772834777832,-3.122300863265991,-0.578920304775238,-3.2213947772979736,0.908936083316803,-2.349581003189087,-2.6048431396484375,-0.9421054124832153,-0.36001914739608765,1.8632428646087646,-4.320537090301514,0.027819359675049782,1.5315665006637573,1.5994940996170044,-0.5385394096374512,-2.385850667953491,-0.0556066557765007,0.6094962954521179,4.4762163162231445,-2.4843523502349854,-0.29217052459716797,-6.856842994689941,3.9919981956481934,-3.393916130065918,-1.5696392059326172,1.8621797561645508,-0.49343907833099365,1.527201533317566,-1.779806137084961,3.1712887287139893,-4.713997840881348,3.3933868408203125,-0.35520273447036743,5.312625885009766,-4.793778896331787,5.2754058837890625,2.90787935256958,-0.9435779452323914,-0.6226436495780945,-2.897024631500244,1.1376913785934448,-1.1298890113830566,2.833437204360962,-0.22557693719863892,-0.4445367455482483,-4.316171646118164,2.318758726119995,-4.37230110168457,1.500480055809021,-0.8196290731430054,-0.06850318610668182,-1.3355367183685303,1.6971192359924316,-1.7215405702590942,0.2965881824493408,0.3497726023197174,0.31697869300842285,0.4515469968318939,-0.13992847502231598,0.5899385213851929,-0.3588758707046509,0.7481327652931213,-0.23891744017601013,-0.25442299246788025,-0.8246192932128906,-0.06202370673418045,1.628768801689148,0.359744131565094,-0.09674206376075745,0.8196686506271362,1.2144802808761597,0.4336644113063812,1.8933287858963013,0.9799852967262268,0.2590964138507843,-0.731453537940979,1.535695195198059,-1.805898666381836,-2.5988616943359375,0.7692028880119324,-0.12327151000499725,1.3214857578277588,-0.7230250835418701,1.982085108757019,4.560258388519287,-4.2231926918029785,-0.2633667588233948,-1.8190441131591797,3.272191047668457,-6.40882682800293,-3.9434428215026855,0.787742018699646,-0.2900577187538147,1.9460734128952026,-2.0406153202056885,2.721062183380127,-1.0246212482452393,1.7756026983261108,-0.4166402220726013,0.3940446972846985,-1.0212701559066772,2.2408525943756104,4.3570237159729,-2.555699110031128,-0.20066191256046295,-4.056394577026367,1.9153227806091309,-3.515871047973633,-6.573524475097656,3.8925204277038574,-0.42814403772354126,3.582253932952881,-3.383941411972046,4.640219211578369,-4.4481706619262695,0.4932223856449127,-0.1962955743074417,3.441169023513794,-1.608371615409851,1.4218820333480835,-1.775613784790039,-0.12004626542329788,-0.3680104613304138,1.114391565322876,-2.7392570972442627,1.4802453517913818,-4.097768783569336,-0.8766301274299622,-0.7618987560272217,2.4160118103027344,-2.9737563133239746,1.7975679636001587,2.8881747722625732,-2.7441465854644775,-0.5397250652313232,-2.3594212532043457,0.02416684292256832,-0.9315373301506042,0.3077573776245117,-1.4836405515670776,-0.2715618312358856,-0.012868859805166721,0.7167634963989258,1.1930078268051147,-6.07263708114624,0.904301643371582,-0.5649574398994446,2.884594678878784,-2.9203953742980957,6.386375904083252,0.5835264921188354,-2.1395368576049805,-0.5210933089256287,-1.3041058778762817,3.746507167816162,-0.8343122601509094,4.404556751251221,-4.464953422546387,-0.25877323746681213,-3.0068020820617676,5.027378082275391,-6.805141925811768,-4.347934246063232,1.3391176462173462,-0.4510020315647125,1.6119089126586914,-0.08101847767829895,1.6952561140060425,-3.8108456134796143,2.88765025138855,0.009618309326469898,2.459207057952881,-3.871432065963745,4.37860631942749,-1.4404571056365967,0.21167239546775818,-0.1742028146982193,2.4385762214660645,-0.3688437044620514,1.1836212873458862,0.7685935497283936,0.1928589940071106,0.3441980481147766,-0.17330226302146912,0.4608677923679352,0.3940819799900055,-1.105418086051941,-0.6732571125030518,-0.1539708822965622,0.659779965877533,-0.6264001131057739,0.008210193365812302,1.0596537590026855,0.02928229421377182,-0.234883651137352,-0.16703231632709503,0.4726915657520294,0.904231071472168,-0.7365356087684631,-0.003842125879600644,-0.3559403419494629,0.8808394074440002,-0.3524828851222992,0.43151676654815674,0.4126875400543213,-1.1911098957061768,-0.024319816380739212,-2.3540213108062744,-0.031335506588220596,-1.1598312854766846,1.2345045804977417,0.9187532663345337,0.05215361341834068,-0.34575778245925903,1.5944318771362305,-0.7012532353401184,1.257635474205017,-2.0191149711608887,-0.0299526434391737,-1.0568134784698486,1.2294429540634155,-0.8119952082633972,-0.3010987639427185,0.62812555,0.62203026
30,-4.919691562652588,2.2860031127929688,-0.508331298828125,4.04051399230957,-4.909680366516113,5.617132663726807,2.217616319656372,-0.9014086723327637,-0.34883400797843933,-3.1679153442382812,1.9935868978500366,-1.2797648906707764,2.432952642440796,-0.6438531875610352,-0.6203151941299438,-1.7292906045913696,0.4353281557559967,-2.9646756649017334,-3.2864394187927246,3.4356167316436768,-0.695827305316925,3.636608839035034,-4.991632461547852,3.098878860473633,4.64253568649292,-2.369520425796509,-0.15090776979923248,-4.002745151519775,1.8659230470657349,-7.164344310760498,3.5320534706115723,-0.49351152777671814,-0.22635000944137573,-1.9160276651382446,1.7367032766342163,-4.092047214508057,1.3762743473052979,-1.4919997453689575,-0.44850030541419983,-1.171961784362793,0.07227858901023865,-3.843275547027588,1.9548921585083008,-3.144280195236206,-0.580670177936554,-3.209362506866455,0.9149094223976135,-2.3761250972747803,-2.6136715412139893,-0.9794455766677856,-0.36199694871902466,1.9599639177322388,-4.382168292999268,-0.012338406406342983,1.568415880203247,1.6751748323440552,-0.5396976470947266,-2.441411256790161,-0.0611296184360981,0.6165923476219177,4.497340202331543,-2.466804027557373,-0.29337021708488464,-6.981633186340332,4.031793594360352,-3.3853347301483154,-1.564435362815857,1.8989099264144897,-0.4946528673171997,1.4707989692687988,-1.8068701028823853,3.268991231918335,-4.757171154022217,3.356574773788452,-0.3565753400325775,5.337631702423096,-4.842717170715332,5.348593711853027,2.9380195140838623,-0.9817606210708618,-0.6238720417022705,-2.9475598335266113,1.136631727218628,-1.111206293106079,2.8492343425750732,-0.11044778674840927,-0.44508853554725647,-4.362454891204834,2.351090908050537,-4.44370698928833,1.527471661567688,-0.7955974340438843,-0.07020328938961029,-1.306910514831543,1.719070315361023,-1.7638996839523315,0.30164530873298645,0.36228230595588684,0.31698718667030334,0.4607756435871124,-0.13277475535869598,0.6021665334701538,-0.35010525584220886,0.7581247091293335,-0.23932532966136932,-0.21680748462677002,-0.8611113429069519,-0.08459580689668655,1.654004693031311,0.35563451051712036,-0.09715629369020462,0.8680485486984253,1.209728479385376,0.4068790376186371,1.9153200387954712,1.0597920417785645,0.25889065861701965,-0.7412832975387573,1.56483793258667,-1.8534274101257324,-2.619936943054199,0.7721039652824402,-0.12353207916021347,1.3315926790237427,-0.7242051959037781,2.021703004837036,4.612860679626465,-4.350959300994873,-0.26446959376335144,-1.746171474456787,3.297419548034668,-6.49712610244751,-4.019843101501465,0.7725352644920349,-0.29137879610061646,1.9406418800354004,-2.036849021911621,2.756364107131958,-1.029496192932129,1.838341474533081,-0.41770005226135254,0.37506717443466187,-1.0550203323364258,2.277055263519287,4.4346795082092285,-2.542743444442749,-0.20209012925624847,-4.165769577026367,1.897430181503296,-3.5129640102386475,-6.63394021987915,3.931633234024048,-0.4295476973056793,3.558316469192505,-3.3861234188079834,4.7106194496154785,-4.4872541427612305,0.48433640599250793,-0.1976390928030014,3.520761489868164,-1.6277337074279785,1.399940013885498,-1.787940263748169,-0.1567254513502121,-0.3685230314731598,1.1365357637405396,-2.7906737327575684,1.4821709394454956,-4.134831428527832,-0.9096733331680298,-0.7633916735649109,2.451295852661133,-2.9963784217834473,1.7965742349624634,2.9420671463012695,-2.8070006370544434,-0.5414626598358154,-2.3588860034942627,-0.04510826617479324,-0.9164873957633972,0.2921341359615326,-1.4830127954483032,-0.27274152636528015,-0.02677552029490471,0.7466530799865723,1.2247649431228638,-6.166343688964844,0.8653107285499573,-0.5661238431930542,2.8786866664886475,-2.9019508361816406,6.4853949546813965,0.5897912979125977,-2.165117025375366,-0.5226293206214905,-1.3437038660049438,3.8033053874969482,-0.8039432168006897,4.422151565551758,-4.518460750579834,-0.2605096399784088,-2.9825966358184814,5.083734035491943,-6.8742899894714355,-4.413017749786377,1.3751925230026245,-0.4521213173866272,1.6463079452514648,-0.03772130236029625,1.694701910018921,-3.8398897647857666,2.9900519847869873,0.009190303273499012,2.440739870071411,-3.886751174926758,4.41520881652832,-1.4613518714904785,0.14560040831565857,-0.17533354461193085,2.4806535243988037,-0.34577417373657227,1.2131896018981934,0.7833353281021118,0.1855500042438507,0.3441348075866699,-0.1733202189207077,0.4702989459037781,0.4013245105743408,-1.1156996488571167,-0.6827912330627441,-0.1546328365802765,0.7027090191841125,-0.6317414045333862,-0.009435445070266724,1.075845718383789,0.03336964175105095,-0.23520687222480774,-0.19437913596630096,0.48186829686164856,0.930497944355011,-0.7182229161262512,0.011920738965272903,-0.3563351035118103,0.9397411942481995,-0.37519070506095886,0.40470120310783386,0.42783185839653015,-1.22547447681427,-0.024531621485948563,-2.3961360454559326,-0.05148012191057205,-1.1692497730255127,1.2325843572616577,0.9771380424499512,0.048880770802497864,-0.37359631061553955,1.6298643350601196,-0.7246292233467102,1.2590259313583374,-2.015151023864746,-0.03608087822794914,-1.074737548828125,1.2159605026245117,-0.8026002049446106,-0.29372137784957886,0.62815046,0.62264735
31,-4.956893444061279,2.275827407836914,-0.5091152191162109,4.065603733062744,-4.997671604156494,5.672198295593262,2.2283127307891846,-0.8988363742828369,-0.3497896194458008,-3.17716383934021,2.0294172763824463,-1.3161371946334839,2.4609272480010986,-0.6365622878074646,-0.6211206316947937,-1.7181763648986816,0.46914368867874146,-3.0148255825042725,-3.329375743865967,3.45633864402771,-0.6965467929840088,3.687122106552124,-5.041080474853516,3.1348304748535156,4.673347473144531,-2.4189510345458984,-0.15205907821655273,-4.040673732757568,1.8801428079605103,-7.182836055755615,3.578814744949341,-0.40822046995162964,-0.22762562334537506,-1.9788594245910645,1.7341010570526123,-4.138245105743408,1.3892043828964233,-1.49652099609375,-0.44912660121917725,-1.1071375608444214,0.07526008039712906,-3.933171272277832,1.963984489440918,-3.165184259414673,-0.5823987126350403,-3.196039915084839,0.9206094741821289,-2.4023351669311523,-2.6231043338775635,-1.016753911972046,-0.3639366626739502,2.056299924850464,-4.442131519317627,-0.05247917398810387,1.6048671007156372,1.7482057809829712,-0.5407881736755371,-2.494584560394287,-0.06757420301437378,0.6230303049087524,4.517664909362793,-2.448086977005005,-0.2945590317249298,-7.1038031578063965,4.070372104644775,-3.3763298988342285,-1.5581470727920532,1.9362460374832153,-0.49580276012420654,1.412532091140747,-1.8334553241729736,3.367098569869995,-4.799465656280518,3.318763017654419,-0.3578643798828125,5.361233711242676,-4.8912153244018555,5.421070575714111,2.966949701309204,-1.020469069480896,-0.6250724792480469,-2.995958089828491,1.1354809999465942,-1.0928484201431274,2.864863157272339,0.005976836662739515,-0.4456450343132019,-4.408830165863037,2.3839547634124756,-4.512935638427734,1.5543934106826782,-0.7722246646881104,-0.0719110444188118,-1.276025652885437,1.7394301891326904,-1.8080130815505981,0.30668893456459045,0.37487155199050903,0.31699877977371216,0.4699605405330658,-0.12577472627162933,0.6141514182090759,-0.34118160605430603,0.7666956186294556,-0.2397216260433197,-0.1770128756761551,-0.8964633345603943,-0.10782351344823837,1.6791926622390747,0.3513202965259552,-0.09757224470376968,0.9166292548179626,1.2043530941009521,0.38002774119377136,1.9366211891174316,1.1415385007858276,0.25869932770729065,-0.7528315782546997,1.5937029123306274,-1.9003404378890991,-2.6392626762390137,0.7744935154914856,-0.12378082424402237,1.3405507802963257,-0.7260790467262268,2.063519239425659,4.664217472076416,-4.477715015411377,-0.26553842425346375,-1.6744418144226074,3.322012424468994,-6.582866668701172,-4.094680309295654,0.75712651014328,-0.29268133640289307,1.932618260383606,-2.0316274166107178,2.791259288787842,-1.0338771343231201,1.8982958793640137,-0.4187626838684082,0.35757675766944885,-1.0874212980270386,2.3118703365325928,4.511521816253662,-2.5283806324005127,-0.20353585481643677,-4.274294853210449,1.8778692483901978,-3.5078349113464355,-6.692435264587402,3.966688632965088,-0.43090060353279114,3.5340874195098877,-3.3872668743133545,4.7812275886535645,-4.523080348968506,0.47734516859054565,-0.19893869757652283,3.5983798503875732,-1.6487772464752197,1.3767266273498535,-1.8003636598587036,-0.19414889812469482,-0.36897873878479004,1.1587156057357788,-2.8412935733795166,1.4823075532913208,-4.1713175773620605,-0.9391836524009705,-0.7648226618766785,2.4851932525634766,-3.016573429107666,1.7944114208221436,2.9943623542785645,-2.866455316543579,-0.5431255102157593,-2.3572604656219482,-0.1146814152598381,-0.9030080437660217,0.2764328718185425,-1.4801514148712158,-0.27388763427734375,-0.04002048447728157,0.7757861018180847,1.2542446851730347,-6.257704257965088,0.8260852694511414,-0.5672414302825928,2.872469663619995,-2.88201904296875,6.5817131996154785,0.5974040031433105,-2.186476230621338,-0.5241638422012329,-1.3858578205108643,3.8554739952087402,-0.773846447467804,4.439795970916748,-4.5700764656066895,-0.26222848892211914,-2.9590587615966797,5.138707637786865,-6.94008207321167,-4.475008964538574,1.4126938581466675,-0.4532136023044586,1.6830759048461914,0.0039844028651714325,1.6897841691970825,-3.8680319786071777,3.091346025466919,0.008811171166598797,2.4229960441589355,-3.900531768798828,4.4495649337768555,-1.4838091135025024,0.08005523681640625,-0.17638729512691498,2.5181145668029785,-0.32236698269844055,1.2443286180496216,0.7978789210319519,0.17796534299850464,0.3440656363964081,-0.17333605885505676,0.47966983914375305,0.4085123836994171,-1.1264467239379883,-0.6928422451019287,-0.1552899032831192,0.7467274069786072,-0.6370548605918884,-0.02745702862739563,1.0920878648757935,0.03632122278213501,-0.23551110923290253,-0.22169598937034607,0.4905494749546051,0.9576664566993713,-0.6991625428199768,0.027940692380070686,-0.35673338174819946,1.0002269744873047,-0.39824432134628296,0.37641647458076477,0.4426671266555786,-1.2599036693572998,-0.024720733985304832,-2.436445951461792,-0.07204849272966385,-1.1788330078125,1.2301665544509888,1.0347025394439697,0.04575077071785927,-0.4001845121383667,1.6648600101470947,-0.7465376853942871,1.2604262828826904,-2.006911039352417,-0.042030125856399536,-1.0925074815750122,1.2023887634277344,-0.793637752532959,-0.2861013114452362,0.62820035,0.6223388
32,-4.992311954498291,2.264272689819336,-0.5098584294319153,4.0899810791015625,-5.084880352020264,5.72644567489624,2.2389626502990723,-0.8980668783187866,-0.3506805896759033,-3.1849498748779297,2.0640556812286377,-1.3515959978103638,2.4870359897613525,-0.6315646767616272,-0.6218944787979126,-1.7056801319122314,0.5044106245040894,-3.063326597213745,-3.3729166984558105,3.4735047817230225,-0.6971946954727173,3.7371976375579834,-5.0874342918396,3.1706931591033936,4.701538562774658,-2.4711050987243652,-0.15311282873153687,-4.076333045959473,1.8952579498291016,-7.196832656860352,3.6251697540283203,-0.3204536437988281,-0.22886893153190613,-2.0404417514801025,1.7310073375701904,-4.184107780456543,1.4006997346878052,-1.5026973485946655,-0.44971346855163574,-1.0440757274627686,0.07848481833934784,-4.020840167999268,1.9722933769226074,-3.185106039047241,-0.5840981006622314,-3.181631326675415,0.9260823130607605,-2.428128242492676,-2.6331675052642822,-1.0538133382797241,-0.3658406734466553,2.152118444442749,-4.500528335571289,-0.0925697460770607,1.6408448219299316,1.8183003664016724,-0.541820228099823,-2.5453591346740723,-0.07492712885141373,0.628807783126831,4.537299156188965,-2.4284873008728027,-0.2957422733306885,-7.223349094390869,4.107834339141846,-3.3669686317443848,-1.550897240638733,1.9737884998321533,-0.49690040946006775,1.3528196811676025,-1.8596675395965576,3.46543025970459,-4.84086275100708,3.280546188354492,-0.35908281803131104,5.383453845977783,-4.939365386962891,5.492650032043457,2.9947612285614014,-1.059178352355957,-0.626239538192749,-3.042393445968628,1.1342494487762451,-1.0750064849853516,2.8802382946014404,0.12328455597162247,-0.4462016820907593,-4.455265998840332,2.4174466133117676,-4.5798773765563965,1.5812519788742065,-0.7496024966239929,-0.0736282616853714,-1.2432101964950562,1.7580894231796265,-1.8538672924041748,0.3117290139198303,0.3875185549259186,0.3170148432254791,0.47907230257987976,-0.11891476064920425,0.6259180307388306,-0.3322191536426544,0.7740877270698547,-0.24010872840881348,-0.13523422181606293,-0.9306154847145081,-0.13168562948703766,1.7043167352676392,0.34711724519729614,-0.09799131751060486,0.9652204513549805,1.1984182596206665,0.35309767723083496,1.9573110342025757,1.2252123355865479,0.258518785238266,-0.7660833597183228,1.6223050355911255,-1.9466290473937988,-2.6569406986236572,0.7764076590538025,-0.12401970475912094,1.3482950925827026,-0.7286103963851929,2.1076488494873047,4.714565753936768,-4.602940082550049,-0.26657044887542725,-1.6042557954788208,3.345912218093872,-6.666028022766113,-4.16793966293335,0.7416163086891174,-0.2939645051956177,1.922171711921692,-2.0250730514526367,2.8258304595947266,-1.0378531217575073,1.9549192190170288,-0.4198233187198639,0.34169256687164307,-1.118402361869812,2.3453736305236816,4.587364673614502,-2.5130844116210938,-0.20499788224697113,-4.381819725036621,1.8567804098129272,-3.5005576610565186,-6.749107837677002,3.997588634490967,-0.4322023093700409,3.5099830627441406,-3.387406349182129,4.85202693939209,-4.555882453918457,0.47216588258743286,-0.20019415020942688,3.6738834381103516,-1.671378493309021,1.3523906469345093,-1.812853455543518,-0.23223558068275452,-0.36937642097473145,1.180828332901001,-2.8911194801330566,1.4807672500610352,-4.207254409790039,-0.9653310775756836,-0.766200840473175,2.51760196685791,-3.0344204902648926,1.7912366390228271,3.0452330112457275,-2.9225447177886963,-0.5447068810462952,-2.354684352874756,-0.18442009389400482,-0.8913021087646484,0.26077476143836975,-1.4754363298416138,-0.27499982714653015,-0.05269709601998329,0.8041130900382996,1.2814048528671265,-6.346787452697754,0.7866852879524231,-0.5683051347732544,2.8660500049591064,-2.8606677055358887,6.6754608154296875,0.6063496470451355,-2.2036540508270264,-0.5256864428520203,-1.4305657148361206,3.9032018184661865,-0.7440998554229736,4.457646369934082,-4.619980335235596,-0.2639276087284088,-2.9361658096313477,5.192209720611572,-7.002711296081543,-4.534049987792969,1.4516493082046509,-0.45427945256233215,1.7220040559768677,0.044186607003211975,1.6806508302688599,-3.895343780517578,3.191168785095215,0.008478268049657345,2.406121015548706,-3.912797451019287,4.4818902015686035,-1.5077319145202637,0.015730753540992737,-0.17736685276031494,2.550931453704834,-0.2987143397331238,1.2770233154296875,0.8122357130050659,0.1701257824897766,0.34399136900901794,-0.17333818972110748,0.48897525668144226,0.41562315821647644,-1.137619972229004,-0.7034534215927124,-0.15594400465488434,0.791687548160553,-0.6423062682151794,-0.045721277594566345,1.108393669128418,0.038148801773786545,-0.23579232394695282,-0.2489038109779358,0.4987652599811554,0.9858183264732361,-0.6794273257255554,0.04414541274309158,-0.35713568329811096,1.0620300769805908,-0.42151346802711487,0.34679877758026123,0.4572005271911621,-1.294254183769226,-0.024887818843126297,-2.4750466346740723,-0.09304092079401016,-1.188521146774292,1.2272429466247559,1.0913002490997314,0.042755089700222015,-0.4253166913986206,1.6994177103042603,-0.7669553160667419,1.261806607246399,-1.99495267868042,-0.04782095178961754,-1.1100013256072998,1.188760757446289,-0.7851279377937317,-0.2782762050628662,0.6283001,0.62264735
33,-5.026160717010498,2.251546621322632,-0.5105563402175903,4.113549709320068,-5.1712799072265625,5.77993631362915,2.249546527862549,-0.8989363312721252,-0.35151031613349915,-3.1913304328918457,2.0975513458251953,-1.3861348628997803,2.511406183242798,-0.6287299990653992,-0.6226350665092468,-1.69202721118927,0.5411062836647034,-3.110145330429077,-3.4171414375305176,3.4873557090759277,-0.6977794170379639,3.786653757095337,-5.130789756774902,3.2065646648406982,4.727242946624756,-2.5253379344940186,-0.15407711267471313,-4.109825611114502,1.9113068580627441,-7.20675802230835,3.6712193489074707,-0.23097124695777893,-0.23008106648921967,-2.1005661487579346,1.7274080514907837,-4.229673385620117,1.410711407661438,-1.5105013847351074,-0.45026713609695435,-0.9828661680221558,0.08190050721168518,-4.106186866760254,1.9799118041992188,-3.2041053771972656,-0.5857762694358826,-3.1663320064544678,0.9313359260559082,-2.4533438682556152,-2.643805503845215,-1.0903947353363037,-0.36771467328071594,2.2472872734069824,-4.557504177093506,-0.13255983591079712,1.6762824058532715,1.8852256536483765,-0.5427943468093872,-2.5936946868896484,-0.08318843692541122,0.6339015364646912,4.55627965927124,-2.4082255363464355,-0.29691067337989807,-7.3402886390686035,4.144342422485352,-3.3573403358459473,-1.5427755117416382,2.011162519454956,-0.49794256687164307,1.291978359222412,-1.885572910308838,3.5638906955718994,-4.881442070007324,3.2424867153167725,-0.3602341115474701,5.404300212860107,-4.987228870391846,5.5630645751953125,3.021573781967163,-1.0974245071411133,-0.6273782253265381,-3.0871050357818604,1.1329638957977295,-1.0578380823135376,2.8953208923339844,0.24110732972621918,-0.44676119089126587,-4.501844882965088,2.451650619506836,-4.644510269165039,1.60809326171875,-0.7277601957321167,-0.07535546272993088,-1.2087631225585938,1.774971842765808,-1.9013922214508057,0.31676381826400757,0.400205135345459,0.3170343041419983,0.4880848824977875,-0.11218194663524628,0.6374790072441101,-0.3233101963996887,0.7805178761482239,-0.24048544466495514,-0.09165976196527481,-0.963539719581604,-0.15617375075817108,1.7293752431869507,0.3433018624782562,-0.0984138548374176,1.0136449337005615,1.1919541358947754,0.3260636329650879,1.9774647951126099,1.31083083152771,0.25834718346595764,-0.7809745073318481,1.6506282091140747,-1.9922846555709839,-2.67307448387146,0.7778826951980591,-0.12425011396408081,1.3547968864440918,-0.7317637205123901,2.1540651321411133,4.7638702392578125,-4.726188659667969,-0.2675637900829315,-1.5359126329421997,3.3691399097442627,-6.746828556060791,-4.239547252655029,0.7261133193969727,-0.29522937536239624,1.9095252752304077,-2.0172691345214844,2.8601245880126953,-1.0415334701538086,2.007763385772705,-0.42088544368743896,0.3275009095668793,-1.147905945777893,2.3776071071624756,4.662321090698242,-2.4973347187042236,-0.2064715176820755,-4.488154411315918,1.8343178033828735,-3.4912261962890625,-6.804217338562012,4.024290561676025,-0.4334575831890106,3.4862613677978516,-3.3864481449127197,4.9230451583862305,-4.585762977600098,0.4686340093612671,-0.20140990614891052,3.747175931930542,-1.6954526901245117,1.3271125555038452,-1.8253769874572754,-0.27089086174964905,-0.36972367763519287,1.202831506729126,-2.940173625946045,1.4777178764343262,-4.242675304412842,-0.9883394241333008,-0.7675158381462097,2.5485596656799316,-3.0500407218933105,1.7872096300125122,3.0948486328125,-2.9753291606903076,-0.5462213754653931,-2.3511722087860107,-0.254239559173584,-0.8815689086914062,0.2452620565891266,-1.4692387580871582,-0.2760785222053528,-0.06491182744503021,0.8315562605857849,1.306252121925354,-6.433804988861084,0.747181236743927,-0.569316029548645,2.859606981277466,-2.837982416152954,6.766539573669434,0.6166076064109802,-2.216825485229492,-0.527212917804718,-1.4778121709823608,3.9466731548309326,-0.7147218585014343,4.475827693939209,-4.668454647064209,-0.26560845971107483,-2.913843870162964,5.24424934387207,-7.062284469604492,-4.590156555175781,1.4920436143875122,-0.45532092452049255,1.762910008430481,0.08296819031238556,1.6674989461898804,-3.9218575954437256,3.289215564727783,0.008189309388399124,2.3900842666625977,-3.923619031906128,4.512420654296875,-1.5330088138580322,-0.04676210507750511,-0.17827457189559937,2.5790653228759766,-0.2749233841896057,1.311264991760254,0.8263933658599854,0.16205313801765442,0.3439127206802368,-0.17331863939762115,0.49820569157600403,0.42264923453330994,-1.1491737365722656,-0.7146150469779968,-0.1565934270620346,0.8374382257461548,-0.6474776864051819,-0.06408436596393585,1.1248270273208618,0.038900040090084076,-0.23605333268642426,-0.2759648859500885,0.5065262913703918,1.0150134563446045,-0.659077525138855,0.0604793019592762,-0.35754042863845825,1.1248472929000854,-0.4448987543582916,0.3159918189048767,0.47144439816474915,-1.3283649682998657,-0.02503347583115101,-2.511998176574707,-0.1144457757472992,-1.1982736587524414,1.2238354682922363,1.1467626094818115,0.03988402709364891,-0.448832631111145,1.7335312366485596,-0.7858654260635376,1.2631301879882812,-1.9799174070358276,-0.053468767553567886,-1.1271047592163086,1.1750588417053223,-0.7770712375640869,-0.2702805697917938,0.628325,0.62264735
34,-5.058593273162842,2.2378761768341064,-0.511228621006012,4.136244297027588,-5.257051467895508,5.832714557647705,2.2601125240325928,-0.9012243151664734,-0.3522832989692688,-3.1963882446289062,2.129913568496704,-1.4198334217071533,2.5340516567230225,-0.6278635859489441,-0.6233405470848083,-1.6774286031723022,0.5791960954666138,-3.155374050140381,-3.462049961090088,3.4981367588043213,-0.6983025074005127,3.8352725505828857,-5.171207904815674,3.2425124645233154,4.750670433044434,-2.5810422897338867,-0.1549559235572815,-4.141307353973389,1.9283535480499268,-7.213020324707031,3.716954231262207,-0.14050564169883728,-0.23126021027565002,-2.159058094024658,1.7232621908187866,-4.2749714851379395,1.4192408323287964,-1.519826054573059,-0.45079052448272705,-0.9235427379608154,0.08545228093862534,-4.189149379730225,1.9869378805160522,-3.2221920490264893,-0.5874302387237549,-3.1503374576568604,0.9363991618156433,-2.477893114089966,-2.654939889907837,-1.126292109489441,-0.3695598244667053,2.3417203426361084,-4.613168716430664,-0.17244456708431244,1.711107850074768,1.9488115310668945,-0.5437124967575073,-2.639542818069458,-0.09234551340341568,0.6382459402084351,4.5746870040893555,-2.3875110149383545,-0.29806965589523315,-7.454646110534668,4.179956436157227,-3.347515821456909,-1.5339144468307495,2.047959566116333,-0.49893543124198914,1.2303065061569214,-1.9112571477890015,3.6623566150665283,-4.921085834503174,3.2049596309661865,-0.36132344603538513,5.4238972663879395,-5.034846305847168,5.632222652435303,3.047429084777832,-1.1348700523376465,-0.6284927725791931,-3.130206346511841,1.131635308265686,-1.0415507555007935,2.9099833965301514,0.35912224650382996,-0.4473274052143097,-4.548609733581543,2.486668348312378,-4.706735610961914,1.6349477767944336,-0.7066255807876587,-0.0770954042673111,-1.1729941368103027,1.7899584770202637,-1.950543999671936,0.32180342078208923,0.412917822599411,0.3170565962791443,0.4969734251499176,-0.10556145012378693,0.6488455533981323,-0.31451746821403503,0.786203145980835,-0.24085384607315063,-0.04647628217935562,-0.9951845407485962,-0.18129335343837738,1.7543435096740723,0.34010180830955505,-0.0988411158323288,1.0617436170578003,1.1849631071090698,0.2988892197608948,1.997165322303772,1.3983875513076782,0.25818267464637756,-0.797446072101593,1.6786874532699585,-2.0373103618621826,-2.6876509189605713,0.7789317965507507,-0.12447434663772583,1.3600349426269531,-0.7355162501335144,2.2029001712799072,4.8122711181640625,-4.847128391265869,-0.2685200870037079,-1.4696725606918335,3.391711473464966,-6.825397491455078,-4.309535026550293,0.7106983661651611,-0.2964780628681183,1.8948582410812378,-2.008314609527588,2.89418888092041,-1.045015573501587,2.056539297103882,-0.42194539308547974,0.31504884362220764,-1.1758626699447632,2.408674955368042,4.736297130584717,-2.4814467430114746,-0.20795810222625732,-4.593205451965332,1.810614824295044,-3.4799067974090576,-6.85789680480957,4.046810150146484,-0.4346696734428406,3.4631760120391846,-3.384411334991455,4.994381427764893,-4.612911701202393,0.46652790904045105,-0.20259037613868713,3.818242311477661,-1.7208911180496216,1.301091194152832,-1.8379666805267334,-0.3100152611732483,-0.3700155019760132,1.2246605157852173,-2.9884748458862305,1.4733080863952637,-4.27766752243042,-1.0084292888641357,-0.7687828540802002,2.5780482292175293,-3.0635170936584473,1.7825058698654175,3.1433796882629395,-3.024951219558716,-0.5476703643798828,-2.3468117713928223,-0.324057936668396,-0.8739476799964905,0.22998230159282684,-1.4618544578552246,-0.27712365984916687,-0.07677751779556274,0.8580771088600159,1.3287606239318848,-6.518714904785156,0.7076600790023804,-0.5702796578407288,2.8532328605651855,-2.8140273094177246,6.854927062988281,0.6281489133834839,-2.2262935638427734,-0.5287261009216309,-1.527608036994934,3.986096143722534,-0.6857097148895264,4.494345664978027,-4.715738773345947,-0.2672670781612396,-2.8920886516571045,5.294856548309326,-7.119051933288574,-4.643432140350342,1.5337700843811035,-0.45633313059806824,1.805583119392395,0.12043074518442154,1.6505436897277832,-3.947680711746216,3.3853132724761963,0.007941978983581066,2.3749709129333496,-3.9330363273620605,4.541347980499268,-1.5595180988311768,-0.10693740844726562,-0.17911256849765778,2.6026124954223633,-0.25108081102371216,1.347048282623291,0.840363621711731,0.15376338362693787,0.34382885694503784,-0.17326919734477997,0.5073582530021667,0.42957133054733276,-1.161058783531189,-0.7262521982192993,-0.15724100172519684,0.8837385773658752,-0.6525734066963196,-0.0824073776602745,1.1413925886154175,0.03864636272192001,-0.2362937480211258,-0.3028820753097534,0.5138611197471619,1.0452824831008911,-0.6381768584251404,0.07689975947141647,-0.35795149207115173,1.1883610486984253,-0.46832048892974854,0.28413617610931396,0.4853975772857666,-1.362114667892456,-0.0251581110060215,-2.5473783016204834,-0.13624365627765656,-1.2080342769622803,1.2199770212173462,1.2009150981903076,0.03713080659508705,-0.4706486761569977,1.7671796083450317,-0.803302526473999,1.2643787860870361,-1.9624812602996826,-0.05898565053939819,-1.14374577999115,1.1613210439682007,-0.7694698572158813,-0.26216596364974976,0.62879866,0.62264735
35,-5.0896525382995605,2.223496675491333,-0.5118615031242371,4.1579155921936035,-5.342143535614014,5.884817600250244,2.2706925868988037,-0.9047184586524963,-0.35300177335739136,-3.200143575668335,2.161226749420166,-1.452772855758667,2.5550999641418457,-0.6287641525268555,-0.6240184903144836,-1.662083625793457,0.618657648563385,-3.1989855766296387,-3.507633686065674,3.506154775619507,-0.6987749934196472,3.882908344268799,-5.208802223205566,3.278611183166504,4.771914482116699,-2.6377224922180176,-0.15575025975704193,-4.17093563079834,1.9464167356491089,-7.215915203094482,3.762408971786499,-0.04973658546805382,-0.23240773379802704,-2.2157645225524902,1.718552589416504,-4.320012092590332,1.4262924194335938,-1.5305787324905396,-0.4512862265110016,-0.8660725951194763,0.0890842005610466,-4.269659519195557,1.993410348892212,-3.239470958709717,-0.58907550573349,-3.133847951889038,0.941291093826294,-2.5017027854919434,-2.66648530960083,-1.1612980365753174,-0.371381938457489,2.435403823852539,-4.667576313018799,-0.21221421658992767,1.7452657222747803,2.0090243816375732,-0.544578492641449,-2.6829042434692383,-0.10239414870738983,0.6417769193649292,4.592611789703369,-2.3665661811828613,-0.29922494292259216,-7.566459655761719,4.214687347412109,-3.3375906944274902,-1.5244455337524414,2.083791494369507,-0.49988213181495667,1.1680657863616943,-1.9367843866348267,3.7607765197753906,-4.959824085235596,3.168304443359375,-0.362358957529068,5.442296028137207,-5.08221960067749,5.699854850769043,3.072427749633789,-1.1712220907211304,-0.6295827031135559,-3.1718950271606445,1.1302521228790283,-1.0262644290924072,2.924215316772461,0.47704216837882996,-0.44789522886276245,-4.59552526473999,2.5225560665130615,-4.766566753387451,1.6618397235870361,-0.6860693693161011,-0.07884848862886429,-1.1361525058746338,1.8029677867889404,-2.0012433528900146,0.32685142755508423,0.425644189119339,0.3170825242996216,0.5057196617126465,-0.09903670102357864,0.6600409150123596,-0.305907279253006,0.7913110256195068,-0.24121692776679993,0.000136654416564852,-1.0255215167999268,-0.20706085860729218,1.7791924476623535,0.3376702070236206,-0.09927249699831009,1.109377384185791,1.1774529218673706,0.2715170979499817,2.0164501667022705,1.4878453016281128,0.2580244243144989,-0.8154059052467346,1.7064570188522339,-2.0817322731018066,-2.700789451599121,0.7795706987380981,-0.12469391524791718,1.3639644384384155,-0.7398375868797302,2.2541491985321045,4.859798431396484,-4.965535640716553,-0.26944345235824585,-1.4056880474090576,3.4136393070220947,-6.9018025398254395,-4.377827167510986,0.6954323649406433,-0.29770466685295105,1.8783910274505615,-1.998348355293274,2.928079843521118,-1.048377275466919,2.1011528968811035,-0.4230038523674011,0.30435776710510254,-1.2022343873977661,2.4386019706726074,4.809197425842285,-2.4658260345458984,-0.2094530463218689,-4.696859359741211,1.7858250141143799,-3.4666755199432373,-6.9102783203125,4.065215110778809,-0.4358343183994293,3.440969467163086,-3.381178617477417,5.066110134124756,-4.6374711990356445,0.4655930697917938,-0.20373430848121643,3.8870317935943604,-1.7476249933242798,1.2745088338851929,-1.8506197929382324,-0.34951531887054443,-0.3702573776245117,1.2462962865829468,-3.0360021591186523,1.46769380569458,-4.312272548675537,-1.0258541107177734,-0.7699982523918152,2.6060268878936768,-3.074953317642212,1.7772538661956787,3.1909279823303223,-3.0715174674987793,-0.549035370349884,-2.3417317867279053,-0.39382562041282654,-0.8685532808303833,0.21499264240264893,-1.4535129070281982,-0.2781347334384918,-0.08840171247720718,0.8836404085159302,1.3489570617675781,-6.601646423339844,0.668210506439209,-0.5711967945098877,2.8470826148986816,-2.7888619899749756,6.940598011016846,0.6409153938293457,-2.232431411743164,-0.5302438735961914,-1.5798813104629517,4.021602630615234,-0.6569896340370178,4.513203144073486,-4.762102127075195,-0.26890337467193604,-2.8708760738372803,5.344090461730957,-7.173139572143555,-4.693914413452148,1.5766974687576294,-0.45731860399246216,1.8498238325119019,0.15666773915290833,1.6300485134124756,-3.972895622253418,3.4792933464050293,0.007734521292150021,2.3607535362243652,-3.941056966781616,4.568918704986572,-1.5871741771697998,-0.1644361913204193,-0.17988309264183044,2.621603012084961,-0.22727228701114655,1.3843451738357544,0.8541424870491028,0.14527636766433716,0.34373900294303894,-0.17318692803382874,0.5164270401000977,0.436382919549942,-1.1732521057128906,-0.738257884979248,-0.1578851193189621,0.9303402304649353,-0.6575855016708374,-0.1005525141954422,1.1580997705459595,0.0374700203537941,-0.2365153580904007,-0.3296847939491272,0.5207912921905518,1.0766828060150146,-0.6167863011360168,0.09336792677640915,-0.3583691418170929,1.2522900104522705,-0.4917181730270386,0.25135722756385803,0.4990662932395935,-1.3953938484191895,-0.02526271343231201,-2.581325054168701,-0.15840694308280945,-1.2177311182022095,1.215684175491333,1.253609299659729,0.0344877690076828,-0.49068334698677063,1.8003654479980469,-0.8193223476409912,1.2655436992645264,-1.9433659315109253,-0.06437797844409943,-1.1598764657974243,1.1475398540496826,-0.7623181939125061,-0.25396472215652466,0.6290978,0.62295586
36,-5.119433403015137,2.2086102962493896,-0.5124692916870117,4.178534507751465,-5.426673412322998,5.936305522918701,2.281320333480835,-0.9092025756835938,-0.3536653518676758,-3.202632188796997,2.1914966106414795,-1.485022783279419,2.5745811462402344,-0.6312215924263,-0.6246599555015564,-1.6461817026138306,0.6594763994216919,-3.2411022186279297,-3.553926706314087,3.5116281509399414,-0.6991907954216003,3.9294278621673584,-5.243634223937988,3.314880609512329,4.791103363037109,-2.695016384124756,-0.15646880865097046,-4.198831558227539,1.9655267000198364,-7.215878009796143,3.8076274394989014,0.04072241112589836,-0.23352621495723724,-2.2705793380737305,1.713232398033142,-4.364841461181641,1.431910514831543,-1.5426536798477173,-0.45175620913505554,-0.810457170009613,0.09274650365114212,-4.347599029541016,1.9994323253631592,-3.2558646202087402,-0.590705156326294,-3.1170430183410645,0.9460102319717407,-2.524729013442993,-2.6783623695373535,-1.1952637434005737,-0.37318530678749084,2.5282368659973145,-4.720888137817383,-0.25184449553489685,1.7787386178970337,2.0658957958221436,-0.5454005002975464,-2.723778009414673,-0.11333350092172623,0.6444346308708191,4.610138893127441,-2.345499038696289,-0.30037155747413635,-7.675849437713623,4.248634338378906,-3.3275644779205322,-1.5144684314727783,2.118353843688965,-0.5007839798927307,1.105466365814209,-1.9622195959091187,3.859078884124756,-4.997669219970703,3.1327168941497803,-0.363343209028244,5.459632396697998,-5.129388332366943,5.765737056732178,3.096602201461792,-1.206290602684021,-0.6306343078613281,-3.2123353481292725,1.128790259361267,-1.0121184587478638,2.9379003047943115,0.5945953130722046,-0.44847115874290466,-4.642556190490723,2.5593457221984863,-4.823954105377197,1.6888295412063599,-0.6659131646156311,-0.08061516284942627,-1.098467230796814,1.8139045238494873,-2.0533928871154785,0.331908643245697,0.43837296962738037,0.31711018085479736,0.5143044590950012,-0.09259474277496338,0.6710800528526306,-0.29752156138420105,0.795954167842865,-0.24157513678073883,0.047989342361688614,-1.0545308589935303,-0.23349405825138092,1.8039437532424927,0.3361126482486725,-0.09970790147781372,1.1564106941223145,1.1694045066833496,0.24391455948352814,2.0354037284851074,1.5791441202163696,0.2578749656677246,-0.8347731828689575,1.733964443206787,-2.125551700592041,-2.7124881744384766,0.7798201441764832,-0.12490857392549515,1.3665153980255127,-0.7446796894073486,2.3078179359436035,4.906469821929932,-5.0811920166015625,-0.27032947540283203,-1.344136357307434,3.4348952770233154,-6.976102828979492,-4.444485664367676,0.6803672909736633,-0.2989143133163452,1.860319972038269,-1.9874608516693115,2.96185302734375,-1.0517317056655884,2.1415467262268066,-0.42406293749809265,0.29540690779685974,-1.2269448041915894,2.4675002098083496,4.881082534790039,-2.4506030082702637,-0.21095693111419678,-4.79905366897583,1.760086178779602,-3.4516448974609375,-6.961540699005127,4.079589366912842,-0.43695762753486633,3.4197492599487305,-3.3767459392547607,5.1382036209106445,-4.659620761871338,0.4655388593673706,-0.20484666526317596,3.9535770416259766,-1.7755951881408691,1.2476307153701782,-1.863348126411438,-0.38928478956222534,-0.3704531788825989,1.2676712274551392,-3.0828311443328857,1.4610456228256226,-4.346563339233398,-1.0408382415771484,-0.7711612582206726,2.63258957862854,-3.0843968391418457,1.771594762802124,3.237600088119507,-3.115236520767212,-0.5503466129302979,-2.335999011993408,-0.4635144770145416,-0.8654527068138123,0.20035035908222198,-1.4443960189819336,-0.2791213095188141,-0.09990106523036957,0.9082175493240356,1.3668782711029053,-6.6827239990234375,0.6289570927619934,-0.5720672011375427,2.841290235519409,-2.7624945640563965,7.023578643798828,0.6548611521720886,-2.235656976699829,-0.5317640900611877,-1.6345953941345215,4.0533833503723145,-0.6284787654876709,4.532504558563232,-4.807783603668213,-0.27052026987075806,-2.8501763343811035,5.392000198364258,-7.224765777587891,-4.741722106933594,1.6206611394882202,-0.45827943086624146,1.8954752683639526,0.19176870584487915,1.6062771081924438,-3.9975290298461914,3.571110963821411,0.0075649986974895,2.3474206924438477,-3.9477121829986572,4.595371723175049,-1.6158275604248047,-0.21902279555797577,-0.18058884143829346,2.6361911296844482,-0.20355883240699768,1.423100471496582,0.8677425384521484,0.13660834729671478,0.3436447083950043,-0.17306818068027496,0.5253938436508179,0.4430719017982483,-1.1857023239135742,-0.7504937648773193,-0.15853071212768555,0.9769442081451416,-0.6625162363052368,-0.11838079988956451,1.1749464273452759,0.03545572981238365,-0.23671770095825195,-0.35642871260643005,0.5273419618606567,1.1092290878295898,-0.5949704647064209,0.1098463162779808,-0.3587881624698639,1.3163516521453857,-0.5150513648986816,0.2177904099225998,0.5124509334564209,-1.4281097650527954,-0.025347741320729256,-2.613884687423706,-0.18090283870697021,-1.2273002862930298,1.2110127210617065,1.30466890335083,0.03194812685251236,-0.5089623332023621,1.8330624103546143,-0.8339927196502686,1.2666221857070923,-1.9232428073883057,-0.06964892894029617,-1.175463080406189,1.1337618827819824,-0.7556167244911194,-0.24571971595287323,0.62914765,0.6223388
37,-5.14804744720459,2.193392038345337,-0.5130570530891418,4.197988986968994,-5.510727405548096,5.98720645904541,2.292027711868286,-0.914455235004425,-0.35427987575531006,-3.2039310932159424,2.220766544342041,-1.516675591468811,2.5926146507263184,-0.6350066065788269,-0.6252759695053101,-1.6298686265945435,0.7016173601150513,-3.28176212310791,-3.600954294204712,3.5148212909698486,-0.6995612978935242,3.9746694564819336,-5.275744438171387,3.351331949234009,4.80839204788208,-2.752537965774536,-0.15711170434951782,-4.225216388702393,1.9856791496276855,-7.213223457336426,3.852585792541504,0.13034071028232574,-0.23461513221263885,-2.3233602046966553,1.7073116302490234,-4.409426689147949,1.4361146688461304,-1.5559325218200684,-0.45220205187797546,-0.7566477060317993,0.09639301896095276,-4.423025608062744,2.005073308944702,-3.2714364528656006,-0.5923221707344055,-3.1000571250915527,0.9505849480628967,-2.5469167232513428,-2.6904613971710205,-1.2280327081680298,-0.37496915459632874,2.62019419670105,-4.773228645324707,-0.29132887721061707,1.8114686012268066,2.119447946548462,-0.5461768507957458,-2.762155055999756,-0.12515683472156525,0.6461498141288757,4.62736701965332,-2.324477434158325,-0.30150994658470154,-7.782740592956543,4.28184700012207,-3.3175413608551025,-1.5041223764419556,2.151291847229004,-0.5016425848007202,1.042724609375,-1.9876254796981812,3.9572794437408447,-5.034458160400391,3.0983328819274902,-0.3642854392528534,5.475995063781738,-5.1764421463012695,5.829808712005615,3.1200222969055176,-1.2399632930755615,-0.631669282913208,-3.251614570617676,1.1272495985031128,-0.9991905689239502,2.9510409832000732,0.7115340828895569,-0.44904986023902893,-4.689639091491699,2.5971200466156006,-4.878947734832764,1.7159518003463745,-0.6459373235702515,-0.082395538687706,-1.060166358947754,1.8227086067199707,-2.1069753170013428,0.33698201179504395,0.4510902166366577,0.31714069843292236,0.5227083563804626,-0.08622028678655624,0.681975245475769,-0.28939932584762573,0.8002209663391113,-0.24192696809768677,0.09690207242965698,-1.0821597576141357,-0.26060929894447327,1.8286129236221313,0.33547863364219666,-0.10014792531728745,1.2027368545532227,1.1607869863510132,0.21603459119796753,2.0540502071380615,1.6721512079238892,0.2577318549156189,-0.8554732799530029,1.7611982822418213,-2.168806552886963,-2.722830057144165,0.7797055244445801,-0.12512002885341644,1.3676097393035889,-0.7500317692756653,2.3639369010925293,4.9523797035217285,-5.194024562835693,-0.27117806673049927,-1.2850719690322876,3.455495834350586,-7.0483856201171875,-4.509468078613281,0.6655530333518982,-0.3001083433628082,1.8408699035644531,-1.9757602214813232,2.9955694675445557,-1.0551899671554565,2.1778178215026855,-0.4251219630241394,0.2881549596786499,-1.2499561309814453,2.4954378604888916,4.951855182647705,-2.4359781742095947,-0.21246697008609772,-4.899763107299805,1.7335048913955688,-3.4349210262298584,-7.011835098266602,4.0900983810424805,-0.4380473792552948,3.3996615409851074,-3.370966672897339,5.210677623748779,-4.679498195648193,0.46610409021377563,-0.20592793822288513,4.017883777618408,-1.8046752214431763,1.2206902503967285,-1.876173973083496,-0.4292302429676056,-0.37059786915779114,1.2887861728668213,-3.128973960876465,1.4534872770309448,-4.380542278289795,-1.0535902976989746,-0.772272527217865,2.657738208770752,-3.0919032096862793,1.7656413316726685,3.283435106277466,-3.1562187671661377,-0.5515972375869751,-2.329674482345581,-0.5330869555473328,-0.8646999001502991,0.18608711659908295,-1.4345991611480713,-0.28007614612579346,-0.11137880384922028,0.9317914843559265,1.3825441598892212,-6.7620110511779785,0.590038537979126,-0.5729020833969116,2.8359756469726562,-2.734952449798584,7.103670120239258,0.6699382066726685,-2.23640775680542,-0.5332750678062439,-1.691689372062683,4.081628322601318,-0.6000780463218689,4.55219030380249,-4.85302734375,-0.2721126079559326,-2.8300082683563232,5.438689231872559,-7.274057865142822,-4.786989212036133,1.6655032634735107,-0.4592196047306061,1.9423962831497192,0.22583186626434326,1.5795091390609741,-4.021702289581299,3.6607491970062256,0.007431486621499062,2.3350186347961426,-3.9529895782470703,4.6208367347717285,-1.6453874111175537,-0.27056536078453064,-0.18123404681682587,2.6465024948120117,-0.17999012768268585,1.4632643461227417,0.8811567425727844,0.12777464091777802,0.34354621171951294,-0.17291098833084106,0.5342680215835571,0.44963717460632324,-1.1983911991119385,-0.762796938419342,-0.15917406976222992,1.0232341289520264,-0.6673760414123535,-0.13576067984104156,1.1919455528259277,0.032678525894880295,-0.23690088093280792,-0.3831809461116791,0.5335279107093811,1.1429141759872437,-0.5727840065956116,0.12629882991313934,-0.35921144485473633,1.3802218437194824,-0.5383064150810242,0.18355759978294373,0.5255515575408936,-1.460198163986206,-0.02541344054043293,-2.6452059745788574,-0.20369422435760498,-1.2366716861724854,1.205970287322998,1.3539265394210815,0.0295056514441967,-0.5255394577980042,1.8652729988098145,-0.8473690748214722,1.2676153182983398,-1.9027613401412964,-0.07479822635650635,-1.1904844045639038,1.1199815273284912,-0.7493539452552795,-0.23747774958610535,0.62919754,0.6223388
38,-5.175539016723633,2.178070545196533,-0.5136277675628662,4.216187000274658,-5.594413757324219,6.037609577178955,2.3028509616851807,-0.9203082919120789,-0.3548537492752075,-3.204080581665039,2.2490804195404053,-1.5477871894836426,2.609262704849243,-0.6398949027061462,-0.6258586645126343,-1.613263487815857,0.745073676109314,-3.321047782897949,-3.6486833095550537,3.5159718990325928,-0.6998807191848755,4.018601417541504,-5.305288314819336,3.3879518508911133,4.82388973236084,-2.810084104537964,-0.15768441557884216,-4.2501726150512695,2.0069005489349365,-7.208281517028809,3.8972790241241455,0.21864527463912964,-0.23567521572113037,-2.374073028564453,1.7007558345794678,-4.453770160675049,1.4389954805374146,-1.5703446865081787,-0.4526234269142151,-0.7045944929122925,0.0999721884727478,-4.495861530303955,2.0103769302368164,-3.2861714363098145,-0.5939340591430664,-3.0831387042999268,0.9550148844718933,-2.5682389736175537,-2.70270037651062,-1.2595417499542236,-0.3767419755458832,2.7112271785736084,-4.824570655822754,-0.3306431174278259,1.8434298038482666,2.16987943649292,-0.5469128489494324,-2.7980377674102783,-0.1378573626279831,0.6468525528907776,4.644222259521484,-2.303550958633423,-0.30264586210250854,-7.887240886688232,4.31442403793335,-3.3075578212738037,-1.4935286045074463,2.182325601577759,-0.5024635791778564,0.9800041317939758,-2.0130209922790527,4.055302143096924,-5.070168972015381,3.0652668476104736,-0.36518141627311707,5.491567611694336,-5.2235260009765625,5.89188814163208,3.142714500427246,-1.272171974182129,-0.6326785683631897,-3.2898294925689697,1.1256039142608643,-0.9875701665878296,2.963580846786499,0.8276292085647583,-0.4496353268623352,-4.736794471740723,2.6358983516693115,-4.931593418121338,1.7432700395584106,-0.6259286403656006,-0.0841912031173706,-1.021424651145935,1.829319715499878,-2.1618757247924805,0.3420751094818115,0.46378999948501587,0.31717297434806824,0.5309170484542847,-0.0799008384346962,0.6927487850189209,-0.2815723121166229,0.8041502833366394,-0.24227547645568848,0.14670465886592865,-1.1084073781967163,-0.2884112596511841,1.8531464338302612,0.3357591927051544,-0.1005931943655014,1.248281478881836,1.1515347957611084,0.1878511905670166,2.072481155395508,1.7667527198791504,0.2575925886631012,-0.8773972392082214,1.788149356842041,-2.211482524871826,-2.7318291664123535,0.7792292237281799,-0.12533198297023773,1.3672024011611938,-0.7558528780937195,2.4223906993865967,4.997593879699707,-5.303993225097656,-0.27199476957321167,-1.2285469770431519,3.475437641143799,-7.118719100952148,-4.5727362632751465,0.6510177850723267,-0.3012808561325073,1.8202383518218994,-1.9633114337921143,3.0292809009552,-1.0588232278823853,2.2102084159851074,-0.4261828064918518,0.2825482189655304,-1.2712315320968628,2.5224082469940186,5.021580696105957,-2.4219934940338135,-0.2139831781387329,-4.999009609222412,1.706208348274231,-3.416571855545044,-7.061241149902344,4.09691047668457,-0.43909549713134766,3.380826473236084,-3.3638134002685547,5.283569812774658,-4.697277069091797,0.4670180082321167,-0.20698191225528717,4.0799736976623535,-1.8348188400268555,1.193920373916626,-1.88908851146698,-0.46927163004875183,-0.3706991970539093,1.3096351623535156,-3.174420118331909,1.4451628923416138,-4.414323806762695,-1.0642931461334229,-0.7733393907546997,2.6815614700317383,-3.0975100994110107,1.759466528892517,3.3285224437713623,-3.1947038173675537,-0.5527951717376709,-2.3228514194488525,-0.6025359630584717,-0.8662967681884766,0.1722366362810135,-1.4241981506347656,-0.2810020446777344,-0.12292966991662979,0.9543517827987671,1.3960497379302979,-6.8396453857421875,0.5515761375427246,-0.5736908912658691,2.8312292098999023,-2.706277370452881,7.180788516998291,0.6860816478729248,-2.2350926399230957,-0.5347852110862732,-1.751081109046936,4.106395244598389,-0.5716784596443176,4.572263240814209,-4.897928237915039,-0.2736809253692627,-2.81040358543396,5.484179973602295,-7.3210954666137695,-4.82977819442749,1.7110304832458496,-0.46013495326042175,1.990484356880188,0.25894537568092346,1.550013542175293,-4.0455641746521,3.7482614517211914,0.007332301698625088,2.323467254638672,-3.9569008350372314,4.645389080047607,-1.6757644414901733,-0.31903624534606934,-0.18181918561458588,2.6526894569396973,-0.1566011756658554,1.5048027038574219,0.8943926692008972,0.11878978461027145,0.3434438407421112,-0.17271225154399872,0.5430444478988647,0.45608195662498474,-1.2112774848937988,-0.775012195110321,-0.15981845557689667,1.0689030885696411,-0.6721743941307068,-0.15255893766880035,1.2091017961502075,0.02919582650065422,-0.23706470429897308,-0.4099999964237213,0.5393790602684021,1.1777386665344238,-0.550292432308197,0.14268498122692108,-0.359642893075943,1.443642497062683,-0.5614830255508423,0.14878766238689423,0.5383691191673279,-1.4915885925292969,-0.02546101063489914,-2.6753249168395996,-0.22673997282981873,-1.245765209197998,1.200602412223816,1.4012162685394287,0.027153657749295235,-0.5404996871948242,1.8969578742980957,-0.8595393896102905,1.2685271501541138,-1.8824528455734253,-0.07982095330953598,-1.2049508094787598,1.1062390804290771,-0.7435275912284851,-0.22926735877990723,0.6293471,0.62264735
39,-5.202010631561279,2.162781000137329,-0.5141801834106445,4.233023166656494,-5.677783966064453,6.087530612945557,2.3138344287872314,-0.926613986492157,-0.35538744926452637,-3.203125,2.276466131210327,-1.5784318447113037,2.6246187686920166,-0.6456688642501831,-0.6264181137084961,-1.5964792966842651,0.7898239493370056,-3.3590247631073,-3.697103500366211,3.5152766704559326,-0.7001572251319885,4.061145305633545,-5.3322272300720215,3.4247612953186035,4.837709903717041,-2.867497205734253,-0.1581908017396927,-4.273853778839111,2.0292129516601562,-7.201450347900391,3.94170880317688,0.305254727602005,-0.23670655488967896,-2.422635316848755,1.6935447454452515,-4.497835159301758,1.4406248331069946,-1.5857816934585571,-0.4530234634876251,-0.6542525291442871,0.10344097018241882,-4.566065311431885,2.015416383743286,-3.300100564956665,-0.5955244302749634,-3.0663883686065674,0.9593119621276855,-2.5886194705963135,-2.7149085998535156,-1.2897018194198608,-0.37850746512413025,2.8012804985046387,-4.875060558319092,-0.3697626292705536,1.8746018409729004,2.217302083969116,-0.5476047992706299,-2.8314337730407715,-0.15142658352851868,0.6464866995811462,4.660773277282715,-2.2828049659729004,-0.30377763509750366,-7.989374160766602,4.346404552459717,-3.297670364379883,-1.4828046560287476,2.2112457752227783,-0.5032437443733215,0.9174776673316956,-2.038452625274658,4.153051376342773,-5.104808807373047,3.0336058139801025,-0.36604076623916626,5.5064568519592285,-5.270660400390625,5.951816082000732,3.164717674255371,-1.3028639554977417,-0.6336628794670105,-3.3270981311798096,1.123816728591919,-0.9773277044296265,2.975468635559082,0.942670464515686,-0.450225830078125,-4.78399133682251,2.675668716430664,-4.981917858123779,1.7708972692489624,-0.605660617351532,-0.08600232005119324,-0.9824371933937073,1.833641529083252,-2.217988967895508,0.34719300270080566,0.4764624834060669,0.31720584630966187,0.5389159917831421,-0.07362261414527893,0.7034109234809875,-0.27407145500183105,0.807749330997467,-0.2426205426454544,0.19722972810268402,-1.1332464218139648,-0.3168993890285492,1.8775739669799805,0.3369143307209015,-0.10104469209909439,1.2929778099060059,1.1416065692901611,0.1593392938375473,2.0907552242279053,1.8627320528030396,0.2574537396430969,-0.9004664421081543,1.8148037195205688,-2.2535853385925293,-2.739515542984009,0.778418242931366,-0.1255408078432083,1.365222454071045,-0.7620998024940491,2.4831504821777344,5.042153835296631,-5.411070346832275,-0.2727763056755066,-1.1745522022247314,3.4947550296783447,-7.187234878540039,-4.634340763092041,0.6367734670639038,-0.3024366497993469,1.7986531257629395,-1.950191617012024,3.062983274459839,-1.0627228021621704,2.238917589187622,-0.42724522948265076,0.27850690484046936,-1.2907087802886963,2.548457145690918,5.09025764465332,-2.408703327178955,-0.21550282835960388,-5.096799373626709,1.678289532661438,-3.396728515625,-7.109961032867432,4.100213050842285,-0.44010889530181885,3.3632636070251465,-3.3552260398864746,5.356812477111816,-4.71304988861084,0.4680570363998413,-0.20801055431365967,4.13987922668457,-1.8659436702728271,1.1675442457199097,-1.9021390676498413,-0.5093400478363037,-0.3707537353038788,1.3302280902862549,-3.2192320823669434,1.4362064599990845,-4.447908401489258,-1.0731229782104492,-0.7743604183197021,2.704085350036621,-3.1012823581695557,1.7532079219818115,3.372908115386963,-3.2307326793670654,-0.5539426803588867,-2.315589666366577,-0.6718547940254211,-0.8702203631401062,0.15883468091487885,-1.4131914377212524,-0.2818957567214966,-0.134645476937294,0.9758892059326172,1.4074618816375732,-6.91572904586792,0.5137276649475098,-0.574444055557251,2.827178716659546,-2.6764352321624756,7.2549591064453125,0.7032331228256226,-2.232133626937866,-0.536291241645813,-1.812663197517395,4.127861499786377,-0.5431602597236633,4.5926666259765625,-4.942594528198242,-0.27523013949394226,-2.791337728500366,5.52852725982666,-7.366181373596191,-4.870260715484619,1.7570669651031494,-0.46102848649024963,2.0395967960357666,0.29119908809661865,1.5181077718734741,-4.069157600402832,3.833646059036255,0.007265692111104727,2.312756061553955,-3.9594318866729736,4.669224262237549,-1.7067959308624268,-0.36447903513908386,-0.18234731256961823,2.6549367904663086,-0.13341838121414185,1.5476140975952148,0.9074580073356628,0.1096685603260994,0.3433390259742737,-0.17247609794139862,0.5517066121101379,0.4624022841453552,-1.2243428230285645,-0.7869889140129089,-0.16046471893787384,1.1136138439178467,-0.6769350171089172,-0.1686554253101349,1.2264089584350586,0.025047294795513153,-0.237211212515831,-0.43694284558296204,0.5449125170707703,1.2137013673782349,-0.5275508761405945,0.1589629203081131,-0.3600772023200989,1.5063655376434326,-0.5845910906791687,0.11359921842813492,0.5508981943130493,-1.522253394126892,-0.025491155683994293,-2.704364061355591,-0.2499932497739792,-1.2545305490493774,1.194944977760315,1.4463775157928467,0.0248859990388155,-0.5539616942405701,1.9281154870986938,-0.8705660700798035,1.2693718671798706,-1.8627793788909912,-0.0847153291106224,-1.2188509702682495,1.092545747756958,-0.7381266951560974,-0.2211436927318573,0.62917256,0.6241901
40,-5.227445602416992,2.147721290588379,-0.5147185921669006,4.248446464538574,-5.760944366455078,6.137017726898193,2.32499623298645,-0.9332526326179504,-0.35588064789772034,-3.2011358737945557,2.302924156188965,-1.6086528301239014,2.638688802719116,-0.652114748954773,-0.6269513964653015,-1.5795937776565552,0.8358678221702576,-3.3957571983337402,-3.7462244033813477,3.512977123260498,-0.700388491153717,4.102279186248779,-5.3566575050354,3.4617390632629395,4.849942207336426,-2.9246647357940674,-0.15863461792469025,-4.296395778656006,2.0525872707366943,-7.193051815032959,3.985912561416626,0.3898608088493347,-0.2377098798751831,-2.468961477279663,1.6856821775436401,-4.541732311248779,1.4410996437072754,-1.6022071838378906,-0.4534067213535309,-0.6055759191513062,0.10676311701536179,-4.633543491363525,2.020235538482666,-3.3132386207580566,-0.5971108078956604,-3.0500407218933105,0.9634844064712524,-2.608064889907837,-2.727043628692627,-1.3184958696365356,-0.3802664577960968,2.8903605937957764,-4.9248762130737305,-0.4086644947528839,1.9049822092056274,2.261901378631592,-0.5482618808746338,-2.862367630004883,-0.1658434122800827,0.6450251340866089,4.677103519439697,-2.262246608734131,-0.30489957332611084,-8.08928394317627,4.377721786499023,-3.2879559993743896,-1.472059726715088,2.2378978729248047,-0.503987193107605,0.8553232550621033,-2.0639634132385254,4.250566005706787,-5.138309478759766,3.0033411979675293,-0.36686304211616516,5.520788192749023,-5.317857265472412,6.0095672607421875,3.1860368251800537,-1.3320695161819458,-0.6346272826194763,-3.3634562492370605,1.1218652725219727,-0.9684975147247314,2.986687183380127,1.0564398765563965,-0.45082521438598633,-4.83109188079834,2.716468334197998,-5.02995491027832,1.7988625764846802,-0.5849320888519287,-0.08782853931188583,-0.9433392286300659,1.8356488943099976,-2.2752294540405273,0.3523414134979248,0.4890945255756378,0.317241370677948,0.5466979742050171,-0.06737297773361206,0.7139752507209778,-0.2669212818145752,0.8109904527664185,-0.24296407401561737,0.24831975996494293,-1.15665602684021,-0.34606751799583435,1.901867151260376,0.3388759195804596,-0.10150126367807388,1.3367815017700195,1.130927324295044,0.13047558069229126,2.1088972091674805,1.959897756576538,0.2573222517967224,-0.924599289894104,1.8411753177642822,-2.2951247692108154,-2.745924234390259,0.7772923707962036,-0.12575215101242065,1.3616163730621338,-0.7687522172927856,2.546196699142456,5.086061954498291,-5.515360355377197,-0.2735251486301422,-1.1230655908584595,3.5135340690612793,-7.253852844238281,-4.694246292114258,0.6228325366973877,-0.3035739064216614,1.776283621788025,-1.9364597797393799,3.0967509746551514,-1.0669349431991577,2.2642345428466797,-0.4283060133457184,0.27596428990364075,-1.308319091796875,2.573577642440796,5.157785892486572,-2.3961167335510254,-0.21702902019023895,-5.1931962966918945,1.649854302406311,-3.375523805618286,-7.158116817474365,4.1002631187438965,-0.44109097123146057,3.346963882446289,-3.3451311588287354,5.430335521697998,-4.726978302001953,0.4690248370170593,-0.2090165764093399,4.19762659072876,-1.8979640007019043,1.1417930126190186,-1.9153305292129517,-0.5493934154510498,-0.3707630932331085,1.3505289554595947,-3.2634246349334717,1.4267489910125732,-4.481363773345947,-1.0801987648010254,-0.775332510471344,2.725412130355835,-3.103288173675537,1.7469216585159302,3.416619062423706,-3.2644855976104736,-0.555042028427124,-2.307971239089966,-0.7410339713096619,-0.8764457702636719,0.14591574668884277,-1.4015529155731201,-0.2827625572681427,-0.14659954607486725,0.9964094161987305,1.416862964630127,-6.990278244018555,0.4766477644443512,-0.575156033039093,2.8239190578460693,-2.645415782928467,7.326186180114746,0.7213375568389893,-2.227877378463745,-0.5378013849258423,-1.8763483762741089,4.146152019500732,-0.5144282579421997,4.6134114265441895,-4.987081050872803,-0.27676042914390564,-2.772883892059326,5.571774959564209,-7.409461498260498,-4.908471584320068,1.803466796875,-0.4619000554084778,2.0896496772766113,0.3226794898509979,1.4840391874313354,-4.0924763679504395,3.916980743408203,0.007229989860206842,2.3029184341430664,-3.9605765342712402,4.692384719848633,-1.7383869886398315,-0.40699461102485657,-0.18282294273376465,2.6534361839294434,-0.11044490337371826,1.5916532278060913,0.9203627109527588,0.10042516142129898,0.34323006868362427,-0.17220591008663177,0.560259997844696,0.46860432624816895,-1.2375651597976685,-0.7985821962356567,-0.1611112505197525,1.1570744514465332,-0.6816896200180054,-0.183935284614563,1.2438899278640747,0.02025523968040943,-0.23734021186828613,-0.46404343843460083,0.5501397252082825,1.250754714012146,-0.5046236515045166,0.17509013414382935,-0.3605146110057831,1.568158507347107,-0.6076551675796509,0.07811056822538376,0.5631345510482788,-1.5521477460861206,-0.02550426498055458,-2.732386350631714,-0.273407906293869,-1.262895941734314,1.1889969110488892,1.489315152168274,0.022696809843182564,-0.5660464763641357,1.9587373733520508,-0.8805322647094727,1.2701505422592163,-1.8440957069396973,-0.08947563171386719,-1.23219633102417,1.0789390802383423,-0.7331454157829285,-0.21313650906085968,0.62919754,0.6241901
41,-5.251903057098389,2.1330068111419678,-0.5152404308319092,4.262320041656494,-5.843948841094971,6.186224460601807,2.33638596534729,-0.9401518702507019,-0.356342613697052,-3.1982345581054688,2.3285417556762695,-1.6384562253952026,2.651559829711914,-0.6590219140052795,-0.6274557709693909,-1.5626769065856934,0.8832045793533325,-3.431375741958618,-3.7960877418518066,3.5092945098876953,-0.7005781531333923,4.141957759857178,-5.378723621368408,3.4988386631011963,4.860730171203613,-2.981543779373169,-0.15901969373226166,-4.3178815841674805,2.077043294906616,-7.183323860168457,4.029796123504639,0.4722110331058502,-0.23868747055530548,-2.5130083560943604,1.6771601438522339,-4.585444450378418,1.4405051469802856,-1.619584560394287,-0.4537714421749115,-0.5585357546806335,0.10990896821022034,-4.698282718658447,2.024855852127075,-3.325544834136963,-0.5986906886100769,-3.034236192703247,0.9675564765930176,-2.626560688018799,-2.739017963409424,-1.34591543674469,-0.38202252984046936,2.978365421295166,-4.974021911621094,-0.44730839133262634,1.934550404548645,2.3038952350616455,-0.548883855342865,-2.890876531600952,-0.18109408020973206,0.6424266695976257,4.693136215209961,-2.2418618202209473,-0.30601802468299866,-8.186941146850586,4.408479690551758,-3.2784197330474854,-1.4613970518112183,2.2621145248413086,-0.5046897530555725,0.7936761975288391,-2.0895774364471436,4.347751617431641,-5.17066764831543,2.974515199661255,-0.36765384674072266,5.53479528427124,-5.3651957511901855,6.064943313598633,3.206676483154297,-1.359830617904663,-0.6355769038200378,-3.398907423019409,1.119726538658142,-0.9611107110977173,2.9971699714660645,1.168740153312683,-0.4514320194721222,-4.878111839294434,2.7583374977111816,-5.075740814208984,1.8272664546966553,-0.5635475516319275,-0.08967089653015137,-0.904258668422699,1.8352693319320679,-2.33349609375,0.35752299427986145,0.5016818642616272,0.31727710366249084,0.5542548894882202,-0.06114089488983154,0.724457859992981,-0.2601507306098938,0.8138211965560913,-0.2433040738105774,0.2998250722885132,-1.1786630153656006,-0.37589481472969055,1.9260306358337402,0.34153640270233154,-0.1019643098115921,1.3796660900115967,1.1194382905960083,0.10124122351408005,2.1269569396972656,2.058000087738037,0.25719359517097473,-0.9497191309928894,1.8672387599945068,-2.3361215591430664,-2.751044750213623,0.7758609056472778,-0.12596477568149567,1.3563475608825684,-0.7757788896560669,2.6114256381988525,5.1294403076171875,-5.6168742179870605,-0.2742423415184021,-1.0740360021591187,3.5317318439483643,-7.318631649017334,-4.75246524810791,0.6091973781585693,-0.30469340085983276,1.7533234357833862,-1.922210454940796,3.1305575370788574,-1.0715292692184448,2.2864692211151123,-0.4293668568134308,0.2748264968395233,-1.3240604400634766,2.5977871417999268,5.224284648895264,-2.384204387664795,-0.2185577154159546,-5.288168430328369,1.6209908723831177,-3.3530845642089844,-7.205751895904541,4.097314357757568,-0.44204023480415344,3.33192777633667,-3.3334851264953613,5.504195690155029,-4.739203453063965,0.4697543978691101,-0.21000172197818756,4.253314018249512,-1.9308289289474487,1.1168508529663086,-1.9286689758300781,-0.5893974304199219,-0.37073302268981934,1.37055242061615,-3.3069868087768555,1.4168888330459595,-4.5146918296813965,-1.0855839252471924,-0.7762641906738281,2.7455451488494873,-3.1035168170928955,1.7406535148620605,3.459716320037842,-3.296046018600464,-0.5560925006866455,-2.3000576496124268,-0.810084342956543,-0.8849049806594849,0.1335003525018692,-1.3892449140548706,-0.28360459208488464,-0.1588742434978485,1.0159035921096802,1.4243628978729248,-7.063403606414795,0.44046637415885925,-0.5758415460586548,2.821539878845215,-2.613215208053589,7.394244194030762,0.7403364777565002,-2.222663640975952,-0.5393086671829224,-1.9420082569122314,4.161423683166504,-0.48538169264793396,4.634485244750977,-5.031420707702637,-0.2782679498195648,-2.7550852298736572,5.614119052886963,-7.450980186462402,-4.94459867477417,1.8500654697418213,-0.4627527594566345,2.140554666519165,0.35344770550727844,1.4480838775634766,-4.115591049194336,3.9983267784118652,0.007223472930490971,2.293987274169922,-3.9603254795074463,4.71489953994751,-1.7704355716705322,-0.44673073291778564,-0.18324707448482513,2.648404598236084,-0.08770205080509186,1.636849284172058,0.9330996870994568,0.09107086807489395,0.3431183099746704,-0.17190147936344147,0.5686992406845093,0.47468888759613037,-1.2509247064590454,-0.809660017490387,-0.16176052391529083,1.1989850997924805,-0.6864503622055054,-0.19829656183719635,1.2615200281143188,0.014821815304458141,-0.23745401203632355,-0.4913351237773895,0.5550887584686279,1.288902759552002,-0.48156189918518066,0.1910223513841629,-0.3609605133533478,1.628794550895691,-0.6307053565979004,0.04243214800953865,0.5750807523727417,-1.581241488456726,-0.02550138346850872,-2.759481906890869,-0.2969363331794739,-1.2707831859588623,1.1827601194381714,1.5298645496368408,0.02058081142604351,-0.5769080519676208,1.9887851476669312,-0.8895115256309509,1.2708827257156372,-1.8266408443450928,-0.09409889578819275,-1.244990587234497,1.065391182899475,-0.7285786867141724,-0.20528419315814972,0.6296213,0.6244986
42,-5.275426864624023,2.118778944015503,-0.5157546997070312,4.274546146392822,-5.926896572113037,6.235134124755859,2.3479888439178467,-0.9472585916519165,-0.3567672371864319,-3.1944499015808105,2.3533082008361816,-1.667823314666748,2.663316249847412,-0.6661964654922485,-0.6279392242431641,-1.5457773208618164,0.931837260723114,-3.4659454822540283,-3.8466317653656006,3.5044357776641846,-0.7007297873497009,4.18022346496582,-5.398402690887451,3.5360047817230225,4.870177268981934,-3.038109540939331,-0.15935087203979492,-4.338403701782227,2.1025230884552,-7.172583103179932,4.073405742645264,0.5521131157875061,-0.23963738977909088,-2.5547032356262207,1.6679491996765137,-4.628941535949707,1.4389489889144897,-1.6378685235977173,-0.4541213810443878,-0.5130977034568787,0.11284081637859344,-4.760214328765869,2.029348850250244,-3.3370931148529053,-0.6002765893936157,-3.0191173553466797,0.9715101718902588,-2.6440887451171875,-2.7507433891296387,-1.371939778327942,-0.383777379989624,3.0652425289154053,-5.022588729858398,-0.48565420508384705,1.9632673263549805,2.34344744682312,-0.5494783520698547,-2.91698956489563,-0.19715440273284912,0.6386720538139343,4.7089056968688965,-2.2216317653656006,-0.30713191628456116,-8.282404899597168,4.438690185546875,-3.269139289855957,-1.450890064239502,2.283845901489258,-0.5053647756576538,0.7326833009719849,-2.1152968406677246,4.444488525390625,-5.201858997344971,2.947136878967285,-0.3684138357639313,5.548646450042725,-5.41266393661499,6.117885112762451,3.2266526222229004,-1.3861684799194336,-0.6365046501159668,-3.4335339069366455,1.117393136024475,-0.9551542401313782,3.006901264190674,1.2793587446212769,-0.4520435333251953,-4.925003528594971,2.801258087158203,-5.11933708190918,1.8561649322509766,-0.5413511991500854,-0.09152805805206299,-0.8653385639190674,1.8324856758117676,-2.392685651779175,0.3627416491508484,0.5142241716384888,0.3173152208328247,0.5615757703781128,-0.054913971573114395,0.7348654270172119,-0.2537851333618164,0.8161805868148804,-0.24363979697227478,0.35161441564559937,-1.1992515325546265,-0.4063364565372467,1.950045108795166,0.3447931408882141,-0.10243266075849533,1.4216256141662598,1.1070536375045776,0.07164070010185242,2.144975185394287,2.156813859939575,0.2570706605911255,-0.9757482409477234,1.89298415184021,-2.376535177230835,-2.754969358444214,0.7741606831550598,-0.1261795312166214,1.3493702411651611,-0.7831506729125977,2.6787307262420654,5.172277927398682,-5.715673923492432,-0.27492666244506836,-1.0274280309677124,3.549375057220459,-7.381567001342773,-4.809067726135254,0.5958766937255859,-0.3057953119277954,1.7299505472183228,-1.9074770212173462,3.164421796798706,-1.076549768447876,2.3058958053588867,-0.43043020367622375,0.2750304043292999,-1.3378695249557495,2.621034860610962,5.2896623611450195,-2.3729300498962402,-0.22008854150772095,-5.38182258605957,1.5917600393295288,-3.3295395374298096,-7.25304651260376,4.0915727615356445,-0.4429592788219452,3.318110227584839,-3.320234775543213,5.578153133392334,-4.749796390533447,0.47012442350387573,-0.21096718311309814,4.306962966918945,-1.9644262790679932,1.0929033756256104,-1.9421677589416504,-0.629348874092102,-0.37066131830215454,1.3903378248214722,-3.3499834537506104,1.4067553281784058,-4.54788064956665,-1.089367389678955,-0.7771511673927307,2.764608860015869,-3.101996660232544,1.7344772815704346,3.502218008041382,-3.325510263442993,-0.557095468044281,-2.2919766902923584,-0.8790062665939331,-0.8955076336860657,0.12161322683095932,-1.3762062788009644,-0.2844214141368866,-0.17152555286884308,1.0343796014785767,1.4301003217697144,-7.135146617889404,0.4053272604942322,-0.576495349407196,2.820084810256958,-2.5798451900482178,7.459258556365967,0.7602023482322693,-2.2167365550994873,-0.5408241152763367,-2.009538173675537,4.173685550689697,-0.45594528317451477,4.655845642089844,-5.07555627822876,-0.2797558903694153,-2.7379679679870605,5.655572414398193,-7.49097204208374,-4.978699684143066,1.8967348337173462,-0.46358785033226013,2.192249059677124,0.38357827067375183,1.4105018377304077,-4.138652801513672,4.077701568603516,0.007244542706757784,2.2859833240509033,-3.958648681640625,4.73684549331665,-1.8028324842453003,-0.4838484227657318,-0.18362389504909515,2.6400539875030518,-0.06519623845815659,1.683107852935791,0.945678174495697,0.08161792904138565,0.3430032432079315,-0.17156733572483063,0.5770272016525269,0.48066598176956177,-1.2643883228302002,-0.8201150298118591,-0.1624109148979187,1.2390772104263306,-0.6912554502487183,-0.21163490414619446,1.2793015241622925,0.008738772943615913,-0.23755300045013428,-0.5188208222389221,0.5597704648971558,1.3281056880950928,-0.4584209620952606,0.206719309091568,-0.3614077866077423,1.688112735748291,-0.653784453868866,0.006679169367998838,0.5867186784744263,-1.6095199584960938,-0.02548317424952984,-2.7857255935668945,-0.32053035497665405,-1.2781739234924316,1.1762949228286743,1.5679619312286377,0.018532240763306618,-0.586681604385376,2.0182344913482666,-0.8975608944892883,1.2715684175491333,-1.8105520009994507,-0.09858090430498123,-1.2572370767593384,1.0519317388534546,-0.7244128584861755,-0.19762477278709412,0.62972105,0.6251157
43,-5.298016548156738,2.1051220893859863,-0.516258955001831,4.285131454467773,-6.009975910186768,6.2837653160095215,2.3598036766052246,-0.9545465707778931,-0.35716357827186584,-3.1899375915527344,2.377288579940796,-1.6967533826828003,2.67396879196167,-0.6734728217124939,-0.6284011602401733,-1.528916358947754,0.9817445874214172,-3.499520778656006,-3.8978700637817383,3.498567819595337,-0.7008485794067383,4.217128276824951,-5.4156622886657715,3.573155403137207,4.878324508666992,-3.0943775177001953,-0.15962940454483032,-4.357982158660889,2.1289784908294678,-7.161062717437744,4.116753578186035,0.629432201385498,-0.24056090414524078,-2.5939857959747314,1.6580671072006226,-4.672445297241211,1.4365090131759644,-1.657057523727417,-0.4544573724269867,-0.46924105286598206,0.11551909148693085,-4.819375038146973,2.0337014198303223,-3.3478729724884033,-0.6018540859222412,-3.004823923110962,0.9753597378730774,-2.6605780124664307,-2.7621777057647705,-1.3965955972671509,-0.38552939891815186,3.1509714126586914,-5.07066011428833,-0.5236411094665527,1.9911465644836426,2.3807871341705322,-0.5500416159629822,-2.9407923221588135,-0.213997483253479,0.6337648034095764,4.724483013153076,-2.2015533447265625,-0.30824100971221924,-8.375823020935059,4.468363285064697,-3.2601418495178223,-1.440637230873108,2.302973985671997,-0.5060044527053833,0.672473669052124,-2.1411750316619873,4.5407280921936035,-5.23178768157959,2.9212687015533447,-0.3691510260105133,5.562371253967285,-5.460361480712891,6.168381690979004,3.2459778785705566,-1.4111281633377075,-0.6374062299728394,-3.467268466949463,1.1148316860198975,-0.9506320357322693,3.015848398208618,1.3881316184997559,-0.45266231894493103,-4.971688747406006,2.845228672027588,-5.160774230957031,1.8856749534606934,-0.5181910395622253,-0.09340015053749084,-0.8266820311546326,1.8272464275360107,-2.4526731967926025,0.3680025637149811,0.5266958475112915,0.31735360622406006,0.568669855594635,-0.04868193343281746,0.7452235817909241,-0.24785734713077545,0.8180102109909058,-0.24397628009319305,0.4035674035549164,-1.2184314727783203,-0.437354177236557,1.9739365577697754,0.34852978587150574,-0.10290803015232086,1.4626802206039429,1.093691110610962,0.041670914739370346,2.1629953384399414,2.256057024002075,0.2569458484649658,-1.0026280879974365,1.91837477684021,-2.4163146018981934,-2.7576420307159424,0.7722100019454956,-0.12639765441417694,1.340671420097351,-0.7908293604850769,2.7480320930480957,5.214585304260254,-5.8119025230407715,-0.27558138966560364,-0.9831520318984985,3.5665318965911865,-7.442736625671387,-4.864021301269531,0.5828678607940674,-0.30688750743865967,1.706298589706421,-1.892313838005066,3.1983304023742676,-1.08205246925354,2.3228049278259277,-0.4314880669116974,0.2765025794506073,-1.349730134010315,2.643303632736206,5.353957653045654,-2.3622772693634033,-0.22162169218063354,-5.474209308624268,1.5622220039367676,-3.304999351501465,-7.300049304962158,4.08333158493042,-0.443855345249176,3.305450439453125,-3.305366039276123,5.652228355407715,-4.758869171142578,0.47003939747810364,-0.2119133025407791,4.358615875244141,-1.9986878633499146,1.0701099634170532,-1.9558511972427368,-0.6692402958869934,-0.3705492913722992,1.4098597764968872,-3.3923838138580322,1.3964600563049316,-4.580954074859619,-1.0915776491165161,-0.7780025005340576,2.7826716899871826,-3.098741292953491,1.7284148931503296,3.5441524982452393,-3.35292649269104,-0.5580626726150513,-2.283722162246704,-0.9478055834770203,-0.9081387519836426,0.11027806252241135,-1.3623881340026855,-0.2852151691913605,-0.1846071481704712,1.0518279075622559,1.434201717376709,-7.20566987991333,0.3713480532169342,-0.5771152973175049,2.8196377754211426,-2.545297622680664,7.521123886108398,0.7808692455291748,-2.2103168964385986,-0.5423395037651062,-2.078838348388672,4.183194637298584,-0.426052451133728,4.677486896514893,-5.119417190551758,-0.28122466802597046,-2.7215890884399414,5.696232318878174,-7.529559135437012,-5.010830402374268,1.943374514579773,-0.46440789103507996,2.244661331176758,0.41311517357826233,1.3715087175369263,-4.161671161651611,4.1552252769470215,0.007291654124855995,2.2789394855499268,-3.9555323123931885,4.758265972137451,-1.835471272468567,-0.518534779548645,-0.18395666778087616,2.628572702407837,-0.04292859509587288,1.730349063873291,0.958103597164154,0.07207873463630676,0.3428867757320404,-0.17120635509490967,0.5852336287498474,0.4865427315235138,-1.2779357433319092,-0.8298618793487549,-0.1630663126707077,1.27711820602417,-0.6961329579353333,-0.22386430203914642,1.297202229499817,0.00197795988060534,-0.23763562738895416,-0.5464938879013062,0.5642041563987732,1.36832857131958,-0.435253769159317,0.22213266789913177,-0.36186233162879944,1.7459797859191895,-0.6769517660140991,-0.0290532223880291,0.5980570912361145,-1.6369750499725342,-0.025450481101870537,-2.811150074005127,-0.34414270520210266,-1.2849839925765991,1.1695524454116821,1.6035668849945068,0.016546722501516342,-0.5954998731613159,2.0470523834228516,-0.9047309756278992,1.2722244262695312,-1.7958561182022095,-0.10291995108127594,-1.268967866897583,1.0385953187942505,-0.7206280827522278,-0.19018502533435822,0.630095,0.6251157
44,-5.3197174072265625,2.092161178588867,-0.5167587995529175,4.293936729431152,-6.0931901931762695,6.332223892211914,2.3718621730804443,-0.9620161652565002,-0.35752877593040466,-3.1847729682922363,2.400463104248047,-1.7252222299575806,2.6835579872131348,-0.6806764602661133,-0.6288365125656128,-1.5121090412139893,1.0329251289367676,-3.5322463512420654,-3.949800491333008,3.4918880462646484,-0.7009360790252686,4.252684116363525,-5.430627822875977,3.6103086471557617,4.885305404663086,-3.150378465652466,-0.1598593145608902,-4.376649379730225,2.156404495239258,-7.149004936218262,4.159787178039551,0.7040663957595825,-0.24145719408988953,-2.6307663917541504,1.647475242614746,-4.715920448303223,1.4332829713821411,-1.6771458387374878,-0.45477959513664246,-0.4269408881664276,0.11790797114372253,-4.875711917877197,2.0379905700683594,-3.3578929901123047,-0.6034314036369324,-2.9915060997009277,0.9790861010551453,-2.6760430335998535,-2.7732579708099365,-1.4199271202087402,-0.3872853219509125,3.23544979095459,-5.118237018585205,-0.56123948097229,2.018157958984375,2.4161007404327393,-0.5505708456039429,-2.9622766971588135,-0.23159335553646088,0.6277088522911072,4.739857196807861,-2.181607723236084,-0.3093459904193878,-8.467252731323242,4.497553825378418,-3.2514586448669434,-1.4307149648666382,2.3195221424102783,-0.506620466709137,0.6131883859634399,-2.167240619659424,4.636385917663574,-5.260548114776611,2.8969340324401855,-0.369863897562027,5.576123237609863,-5.508240699768066,6.216374397277832,3.2646617889404297,-1.4348018169403076,-0.6382917165756226,-3.5001220703125,1.1120480298995972,-0.9475221633911133,3.0239710807800293,1.494880199432373,-0.45328831672668457,-5.018198013305664,2.890241861343384,-5.2000627517700195,1.9158495664596558,-0.4939553439617157,-0.09528838098049164,-0.7883751392364502,1.819501280784607,-2.5133697986602783,0.3733135759830475,0.5390980839729309,0.31739336252212524,0.5755307674407959,-0.04243353381752968,0.7555288672447205,-0.2423914074897766,0.8192418217658997,-0.24431158602237701,0.45556947588920593,-1.2362003326416016,-0.46889472007751465,1.9976990222930908,0.35262009501457214,-0.1033896952867508,1.502856969833374,1.0792752504348755,0.01132745761424303,2.1810381412506104,2.3555080890655518,0.2568270266056061,-1.0302797555923462,1.9434324502944946,-2.4555296897888184,-2.75911808013916,0.7700304388999939,-0.12661898136138916,1.3302425146102905,-0.798793375492096,2.819222927093506,5.256460666656494,-5.905594348907471,-0.27620595693588257,-0.9411200284957886,3.583203077316284,-7.5021586418151855,-4.917327880859375,0.5701524019241333,-0.30795878171920776,1.6825330257415771,-1.876761555671692,3.232325792312622,-1.0880746841430664,2.33750057220459,-0.4325484335422516,0.27917391061782837,-1.359606385231018,2.6645493507385254,5.4172043800354,-2.352118968963623,-0.22315609455108643,-5.565296649932861,1.5324318408966064,-3.27961802482605,-7.346851825714111,4.072793483734131,-0.44472870230674744,3.2939229011535645,-3.288853645324707,5.72632360458374,-4.766562461853027,0.46943825483322144,-0.21284455060958862,4.40838623046875,-2.03356671333313,1.0485903024673462,-1.9697195291519165,-0.709099292755127,-0.37040069699287415,1.4291449785232544,-3.4342470169067383,1.3860727548599243,-4.614011287689209,-1.0922876596450806,-0.7788209915161133,2.799800395965576,-3.093766689300537,1.722507357597351,3.5855329036712646,-3.378333806991577,-0.5589865446090698,-2.2754011154174805,-1.0165035724639893,-0.9227132201194763,0.09952887147665024,-1.347702145576477,-0.2859874665737152,-0.19816289842128754,1.0682449340820312,1.4368178844451904,-7.2749528884887695,0.33863070607185364,-0.5777072310447693,2.8202638626098633,-2.5095467567443848,7.579895973205566,0.8022996783256531,-2.2036004066467285,-0.5438503623008728,-2.149772882461548,4.189955234527588,-0.39565181732177734,4.699336051940918,-5.162994861602783,-0.282676637172699,-2.705994129180908,5.736217975616455,-7.56685209274292,-5.041127681732178,1.9898642301559448,-0.4652075469493866,2.2977347373962402,0.4421038329601288,1.331351637840271,-4.184669017791748,4.2309112548828125,0.00736316479742527,2.2728958129882812,-3.950958251953125,4.779159069061279,-1.868250846862793,-0.5509787797927856,-0.18424652516841888,2.614180326461792,-0.02091035805642605,1.7784805297851562,0.9703797698020935,0.06246238946914673,0.34276753664016724,-0.17082004249095917,0.5933150053024292,0.49232926964759827,-1.2915425300598145,-0.8388346433639526,-0.16372568905353546,1.312910795211792,-0.7011139988899231,-0.23492009937763214,1.3152400255203247,-0.005492235999554396,-0.2377047836780548,-0.5743352770805359,0.5684105157852173,1.409503698348999,-0.41209521889686584,0.23722174763679504,-0.3623224198818207,1.802276372909546,-0.7002506852149963,-0.06467412412166595,0.6090943217277527,-1.6635750532150269,-0.02540406584739685,-2.8358092308044434,-0.367718368768692,-1.2912094593048096,1.1625627279281616,1.6366509199142456,0.014619626104831696,-0.6034966111183167,2.0752222537994385,-0.911095142364502,1.2728543281555176,-1.7825597524642944,-0.10711723566055298,-1.2801780700683594,1.0253840684890747,-0.7172188758850098,-0.18297560513019562,0.6300202,0.6251157
45,-5.340643405914307,2.079948663711548,-0.5172533988952637,4.300983428955078,-6.176687717437744,6.380521774291992,2.3841326236724854,-0.9696579575538635,-0.35787251591682434,-3.1790833473205566,2.4228878021240234,-1.7531633377075195,2.692161798477173,-0.6876662969589233,-0.6292514801025391,-1.4953490495681763,1.0853509902954102,-3.5641846656799316,-4.002429008483887,3.484572172164917,-0.7009881734848022,4.287003040313721,-5.443376541137695,3.647300958633423,4.891162872314453,-3.206134080886841,-0.16004423797130585,-4.394516468048096,2.184746026992798,-7.136623382568359,4.202523231506348,0.775968074798584,-0.2423313707113266,-2.665019989013672,1.6361933946609497,-4.759444236755371,1.4293756484985352,-1.6981393098831177,-0.45509180426597595,-0.3861866295337677,0.1199721023440361,-4.929194927215576,2.0421690940856934,-3.3671603202819824,-0.6050102114677429,-2.979248285293579,0.9827033877372742,-2.690458297729492,-2.7839438915252686,-1.441919207572937,-0.38904380798339844,3.31864333152771,-5.1654534339904785,-0.5983932018280029,2.0443077087402344,2.449528932571411,-0.5510666966438293,-2.981536865234375,-0.24990630149841309,0.6205412149429321,4.755034923553467,-2.1617531776428223,-0.31044384837150574,-8.556675910949707,4.526337146759033,-3.2431468963623047,-1.4211819171905518,2.3334429264068604,-0.507207453250885,0.5549233555793762,-2.1934683322906494,4.73137092590332,-5.28810453414917,2.874127149581909,-0.3705544173717499,5.59001350402832,-5.55637788772583,6.261801242828369,3.282703161239624,-1.4572269916534424,-0.6391669511795044,-3.532064437866211,1.1090521812438965,-0.9457891583442688,3.031237840652466,1.5994715690612793,-0.4539215862751007,-5.064407825469971,2.9362878799438477,-5.237307548522949,1.946758508682251,-0.46856969594955444,-0.09719003736972809,-0.7505054473876953,1.809232473373413,-2.5746521949768066,0.3786807954311371,0.5514238476753235,0.31743353605270386,0.5821648836135864,-0.03615907207131386,0.7657967209815979,-0.23741881549358368,0.8198069334030151,-0.24464580416679382,0.5075388550758362,-1.2525660991668701,-0.5008953213691711,2.0213253498077393,0.3569485545158386,-0.10387729108333588,1.5421814918518066,1.0637520551681519,-0.019380761310458183,2.1990933418273926,2.4548990726470947,0.25670528411865234,-1.0586713552474976,1.9680992364883423,-2.49409818649292,-2.7593777179718018,0.7676340937614441,-0.12684370577335358,1.3180952072143555,-0.8070143461227417,2.892167568206787,5.297921180725098,-5.996915340423584,-0.2768034040927887,-0.9012498259544373,3.5994086265563965,-7.559851169586182,-4.968997001647949,0.5577401518821716,-0.3090130388736725,1.658776044845581,-1.860837459564209,3.266309976577759,-1.0946763753890991,2.3502097129821777,-0.43360593914985657,0.28299131989479065,-1.3674639463424683,2.6847469806671143,5.479447841644287,-2.342400550842285,-0.22469408810138702,-5.655231475830078,1.5024346113204956,-3.253481864929199,-7.393558025360107,4.060216426849365,-0.445578932762146,3.283388376235962,-3.270737648010254,5.80027961730957,-4.772836208343506,0.4682804346084595,-0.21375997364521027,4.456339359283447,-2.0689516067504883,1.0284346342086792,-1.9837768077850342,-0.7489367127418518,-0.37021252512931824,1.4482086896896362,-3.475559711456299,1.3757117986679077,-4.646965980529785,-1.0914885997772217,-0.7795953154563904,2.816110134124756,-3.0871174335479736,1.716761827468872,3.6263787746429443,-3.4018304347991943,-0.559876024723053,-2.2671003341674805,-1.085085153579712,-0.9391064643859863,0.08938205242156982,-1.332100510597229,-0.2867366373538971,-0.21221217513084412,1.08360755443573,1.4380908012390137,-7.343088626861572,0.3072695732116699,-0.5782724022865295,2.8219821453094482,-2.472581148147583,7.6356916427612305,0.8244604468345642,-2.196735143661499,-0.5453667640686035,-2.222193717956543,4.194087982177734,-0.36473745107650757,4.721445083618164,-5.2060980796813965,-0.2841070890426636,-2.6912426948547363,5.7756571769714355,-7.602950096130371,-5.069643974304199,2.036111354827881,-0.4659874439239502,2.3513829708099365,0.47058171033859253,1.290191411972046,-4.207767009735107,4.304749488830566,0.007457771338522434,2.267873525619507,-3.9448931217193604,4.799544334411621,-1.9010560512542725,-0.5813709497451782,-0.18449662625789642,2.597087860107422,0.0008467929437756538,1.8273694515228271,0.9825156927108765,0.05277976766228676,0.3426457643508911,-0.17041431367397308,0.6012709140777588,0.4980313181877136,-1.3051728010177612,-0.8469696044921875,-0.16438597440719604,1.3463160991668701,-0.7062159180641174,-0.24474704265594482,1.3333966732025146,-0.013696003705263138,-0.2377600371837616,-0.602293848991394,0.5723956227302551,1.4516046047210693,-0.38899338245391846,0.2519446909427643,-0.36278462409973145,1.8569419384002686,-0.723746657371521,-0.10010101646184921,0.6198251843452454,-1.6893318891525269,-0.025344347581267357,-2.859744071960449,-0.39121681451797485,-1.2967944145202637,1.1553233861923218,1.6672101020812988,0.01274736225605011,-0.6107925176620483,2.1026597023010254,-0.9167119860649109,1.2734702825546265,-1.7705868482589722,-0.11117538809776306,-1.2908852100372314,1.0123149156570435,-0.7141605019569397,-0.17603079974651337,0.6299953,0.6251157
46,-5.360752105712891,2.0685601234436035,-0.5177423357963562,4.306267261505127,-6.260512828826904,6.42865514755249,2.3966290950775146,-0.9774937629699707,-0.358190655708313,-3.172952651977539,2.444629192352295,-1.7805572748184204,2.699814558029175,-0.6943135261535645,-0.6296486258506775,-1.4786384105682373,1.1390001773834229,-3.595400094985962,-4.055740833282471,3.4767491817474365,-0.7010080218315125,4.320161819458008,-5.453820705413818,3.684098243713379,4.89595890045166,-3.2617154121398926,-0.16018584370613098,-4.411636829376221,2.213923931121826,-7.124016284942627,4.24503755569458,0.845123827457428,-0.24318073689937592,-2.6967058181762695,1.624211311340332,-4.803144931793213,1.424888253211975,-1.7200570106506348,-0.4553949534893036,-0.34696972370147705,0.12167101353406906,-4.979915142059326,2.0462872982025146,-3.3757197856903076,-0.6065794229507446,-2.9680986404418945,0.9861980676651001,-2.703782320022583,-2.7941882610321045,-1.462641716003418,-0.3908071219921112,3.4004757404327393,-5.212295055389404,-0.6350581645965576,2.0695607662200928,2.48122239112854,-0.5515339970588684,-2.998650550842285,-0.26887866854667664,0.6122878193855286,4.770050048828125,-2.141904592514038,-0.31153884530067444,-8.644204139709473,4.5545830726623535,-3.2352116107940674,-1.4121150970458984,2.344792127609253,-0.5077610611915588,0.4977966845035553,-2.2198920249938965,4.825560569763184,-5.3144307136535645,2.852888822555542,-0.37122517824172974,5.604152202606201,-5.604783535003662,6.304845809936523,3.3000755310058594,-1.47847318649292,-0.6400226950645447,-3.5630605220794678,1.105849027633667,-0.945382833480835,3.0376462936401367,1.7017697095870972,-0.4545614719390869,-5.110328674316406,2.9833343029022217,-5.27252721786499,1.978467345237732,-0.44196802377700806,-0.09910497814416885,-0.7131388783454895,1.7964659929275513,-2.636430501937866,0.3841055929660797,0.5636650323867798,0.31747397780418396,0.5885761380195618,-0.02984767220914364,0.7760292887687683,-0.2329636514186859,0.8196600079536438,-0.24497731029987335,0.5593782067298889,-1.2675464153289795,-0.5332847237586975,2.0448391437530518,0.3613939881324768,-0.10437002778053284,1.580714464187622,1.0470291376113892,-0.05044298619031906,2.2172560691833496,2.55400013923645,0.25658556818962097,-1.0877214670181274,1.9923605918884277,-2.5320181846618652,-2.7584218978881836,0.765055775642395,-0.12707535922527313,1.3042373657226562,-0.8154598474502563,2.966745615005493,5.338952541351318,-6.085941314697266,-0.27737531065940857,-0.8634297251701355,3.615177631378174,-7.615791320800781,-5.019085884094238,0.5456215739250183,-0.3100501000881195,1.635164499282837,-1.8445979356765747,3.3002710342407227,-1.1018900871276855,2.3611972332000732,-0.43466058373451233,0.28791114687919617,-1.3732898235321045,2.7038822174072266,5.54066276550293,-2.333078622817993,-0.22623087465763092,-5.743957996368408,1.4722782373428345,-3.226685047149658,-7.440145969390869,4.045835494995117,-0.44641104340553284,3.2738213539123535,-3.2509820461273193,5.87391471862793,-4.777857780456543,0.4665508568286896,-0.2146611213684082,4.5024333000183105,-2.104759454727173,1.0097039937973022,-1.99808669090271,-0.7887894511222839,-0.36999234557151794,1.46708345413208,-3.516348123550415,1.3654212951660156,-4.679889678955078,-1.0892274379730225,-0.780347466468811,2.8316478729248047,-3.078824043273926,1.711184024810791,3.6666979789733887,-3.4234676361083984,-0.5607308149337769,-2.258854866027832,-1.1535476446151733,-0.9572024941444397,0.07986043393611908,-1.3155670166015625,-0.28746137022972107,-0.22677640616893768,1.0979334115982056,1.4381849765777588,-7.410060405731201,0.27733558416366577,-0.5788065195083618,2.824824810028076,-2.4344425201416016,7.6884870529174805,0.8473071455955505,-2.1897761821746826,-0.546883761882782,-2.2959952354431152,4.1957926750183105,-0.33328777551651,4.743748664855957,-5.248631954193115,-0.2855246961116791,-2.6773438453674316,5.814500331878662,-7.637991428375244,-5.096500873565674,2.0820798873901367,-0.4667534828186035,2.405531883239746,0.49857112765312195,1.2482247352600098,-4.230924606323242,4.376867294311523,0.007574081886559725,2.26393985748291,-3.9373199939727783,4.819432735443115,-1.9338202476501465,-0.6099008321762085,-0.1847081184387207,2.577558755874634,0.022327590733766556,1.8768960237503052,0.9945127367973328,0.043040648102760315,0.34252235293388367,-0.1699911206960678,0.6091042160987854,0.5036539435386658,-1.318816900253296,-0.8542622327804565,-0.1650492399930954,1.3772101402282715,-0.7114718556404114,-0.25329509377479553,1.3516826629638672,-0.022665729746222496,-0.23780237138271332,-0.6303393244743347,0.576183557510376,1.4945896863937378,-0.36598512530326843,0.26626065373420715,-0.3632510304450989,1.909895420074463,-0.7474924921989441,-0.13525842130184174,0.6302253007888794,-1.7142560482025146,-0.025272011756896973,-2.883028984069824,-0.41458556056022644,-1.301723837852478,1.1478264331817627,1.6952637434005737,0.010926335118710995,-0.6174811124801636,2.1293938159942627,-0.9216280579566956,1.2740763425827026,-1.759864330291748,-0.11509840935468674,-1.3011070489883423,0.9994012117385864,-0.7114219069480896,-0.16935475170612335,0.63016975,0.6257328
47,-5.380064010620117,2.058000087738037,-0.5182275772094727,4.30976676940918,-6.3447957038879395,6.476703643798828,2.409306526184082,-0.9855483770370483,-0.3584864139556885,-3.16650390625,2.4656150341033936,-1.807337999343872,2.7065579891204834,-0.7005144357681274,-0.6300230026245117,-1.4619735479354858,1.193840742111206,-3.6259796619415283,-4.109679698944092,3.468552350997925,-0.7010002732276917,4.352187156677246,-5.462130546569824,3.720578670501709,4.899844169616699,-3.317131280899048,-0.16028547286987305,-4.428058624267578,2.243889331817627,-7.111466407775879,4.287252902984619,0.911542534828186,-0.24400542676448822,-2.7257814407348633,1.6115378141403198,-4.847044944763184,1.419906497001648,-1.7429132461547852,-0.4556862413883209,-0.30928152799606323,0.12295269221067429,-5.02780818939209,2.05033802986145,-3.3835225105285645,-0.6081533432006836,-2.9581637382507324,0.9895638823509216,-2.716038942337036,-2.8039591312408447,-1.4821048974990845,-0.39257603883743286,3.480907440185547,-5.258750915527344,-0.6711692810058594,2.093923330307007,2.5113675594329834,-0.551982581615448,-3.0136590003967285,-0.2884514033794403,0.6030225157737732,4.7848639488220215,-2.1220638751983643,-0.31262487173080444,-8.729970932006836,4.582374095916748,-3.227665901184082,-1.4035730361938477,2.3535776138305664,-0.5082895755767822,0.44190457463264465,-2.2465178966522217,4.918885231018066,-5.3396830558776855,2.8332161903381348,-0.3718740940093994,5.61855936050415,-5.653439044952393,6.345377445220947,3.3168110847473145,-1.4985843896865845,-0.6408551931381226,-3.593108892440796,1.1024821996688843,-0.9462411403656006,3.0431947708129883,1.8016542196273804,-0.4552103579044342,-5.155993938446045,3.0313913822174072,-5.305746555328369,2.011047601699829,-0.41411346197128296,-0.10103296488523483,-0.6763474941253662,1.7811564207077026,-2.698578119277954,0.3895914852619171,0.5758102536201477,0.3175143003463745,0.5947664976119995,-0.02348923869431019,0.786245584487915,-0.2290537804365158,0.8187534809112549,-0.2453099638223648,0.6110154986381531,-1.28113853931427,-0.5659928917884827,2.0682454109191895,0.3658551275730133,-0.10486885160207748,1.6184577941894531,1.0290746688842773,-0.08184728771448135,2.2355329990386963,2.6526541709899902,0.25646597146987915,-1.1173944473266602,2.0161852836608887,-2.5692989826202393,-2.7563352584838867,0.762300431728363,-0.12731170654296875,1.2887314558029175,-0.8240901827812195,3.0427944660186768,5.379655838012695,-6.172751426696777,-0.2779206335544586,-0.8275454044342041,3.630511999130249,-7.670097827911377,-5.067584991455078,0.5337845683097839,-0.31108003854751587,1.611796259880066,-1.8280445337295532,3.334245443344116,-1.1097404956817627,2.370633363723755,-0.4357164800167084,0.2938879132270813,-1.3770484924316406,2.721956729888916,5.600901126861572,-2.3240833282470703,-0.22776806354522705,-5.83150577545166,1.4419550895690918,-3.199331760406494,-7.486776351928711,4.029862880706787,-0.4472218155860901,3.2651286125183105,-3.229671001434326,5.947244644165039,-4.781728267669678,0.4642544686794281,-0.21554961800575256,4.546876907348633,-2.1409385204315186,0.9924613833427429,-2.0126237869262695,-0.8286958336830139,-0.3697420656681061,1.4857826232910156,-3.556635618209839,1.3552887439727783,-4.71274471282959,-1.0855242013931274,-0.7810534834861755,2.846473455429077,-3.068856716156006,1.705758810043335,3.7065532207489014,-3.443333625793457,-0.5615491271018982,-2.2507071495056152,-1.2219038009643555,-0.9768621325492859,0.07100062072277069,-1.2980661392211914,-0.2881655693054199,-0.2418576180934906,1.1111992597579956,1.4372429847717285,-7.476052761077881,0.24888215959072113,-0.5793206691741943,2.8287994861602783,-2.39508056640625,7.738410472869873,0.870812177658081,-2.1828157901763916,-0.5484106540679932,-2.3710289001464844,4.195079326629639,-0.30129942297935486,4.7662835121154785,-5.290647506713867,-0.28692567348480225,-2.6643149852752686,5.85286808013916,-7.672184467315674,-5.121795177459717,2.1276798248291016,-0.4675036370754242,2.4601545333862305,0.526096522808075,1.2056246995925903,-4.254244804382324,4.447300434112549,0.007710740901529789,2.261133909225464,-3.928217887878418,4.838798522949219,-1.9664379358291626,-0.6367393732070923,-0.184885635972023,2.5557916164398193,0.04352255165576935,1.9269623756408691,1.0063837766647339,0.03325451537966728,0.34239882230758667,-0.16955187916755676,0.6168022751808167,0.5092113614082336,-1.3324613571166992,-0.8606985211372375,-0.16571614146232605,1.4055285453796387,-0.7168781161308289,-0.2605438530445099,1.3700710535049438,-0.03243851289153099,-0.2378326803445816,-0.6584250330924988,0.5797879695892334,1.5384143590927124,-0.34309372305870056,0.28012707829475403,-0.3637239933013916,1.9611034393310547,-0.7715516686439514,-0.17008262872695923,0.640298068523407,-1.738331913948059,-0.025187982246279716,-2.905632257461548,-0.4377763867378235,-1.3059800863265991,1.140075445175171,1.7208930253982544,0.009153728373348713,-0.6236730813980103,2.155374765396118,-0.9258941411972046,1.2746797800064087,-1.7502658367156982,-0.11889338493347168,-1.3108634948730469,0.9866821765899658,-0.7089936137199402,-0.16295790672302246,0.6303443,0.6257328
48,-5.398682117462158,2.048344135284424,-0.5187156200408936,4.311469078063965,-6.429530620574951,6.524660110473633,2.4221882820129395,-0.9938514828681946,-0.35876134037971497,-3.1598596572875977,2.4859392642974854,-1.833458423614502,2.7124361991882324,-0.7061580419540405,-0.6303779482841492,-1.4453374147415161,1.2498137950897217,-3.6559879779815674,-4.164247512817383,3.4601492881774902,-0.7009743452072144,4.383127689361572,-5.468263626098633,3.7566823959350586,4.9028120040893555,-3.372400999069214,-0.16034844517707825,-4.443824768066406,2.274597644805908,-7.098946571350098,4.329219341278076,0.9752398729324341,-0.24480465054512024,-2.7522120475769043,1.5981839895248413,-4.891219615936279,1.4145236015319824,-1.7667031288146973,-0.45597395300865173,-0.2731248140335083,0.12375712394714355,-5.072903156280518,2.0543363094329834,-3.3906614780426025,-0.6097314357757568,-2.9495203495025635,0.9927850365638733,-2.7271978855133057,-2.8132693767547607,-1.5003414154052734,-0.3943503201007843,3.5598912239074707,-5.304953098297119,-0.7067104578018188,2.1173934936523438,2.5401008129119873,-0.55240797996521,-3.026634693145752,-0.30857333540916443,0.5927841663360596,4.799557209014893,-2.1022207736968994,-0.3137100040912628,-8.813809394836426,4.609779357910156,-3.220496892929077,-1.3955990076065063,2.3598899841308594,-0.5087924003601074,0.3873230516910553,-2.273365020751953,5.01125431060791,-5.363783359527588,2.815107583999634,-0.37250855565071106,5.633451461791992,-5.702373504638672,6.383417129516602,3.332859754562378,-1.5175992250442505,-0.6416746973991394,-3.6221606731414795,1.0989540815353394,-0.9483102560043335,3.047858238220215,1.8990586996078491,-0.45586228370666504,-5.201375484466553,3.0804269313812256,-5.336936950683594,2.0445451736450195,-0.385000616312027,-0.10297209024429321,-0.6401836276054382,1.7633450031280518,-2.761007308959961,0.39514657855033875,0.5878648161888123,0.31755530834198,0.6007394790649414,-0.01707381382584572,0.7964510917663574,-0.22571347653865814,0.817045271396637,-0.24563905596733093,0.662395715713501,-1.2934006452560425,-0.5989527702331543,2.091623067855835,0.370223730802536,-0.10537554323673248,1.655465841293335,1.0098261833190918,-0.11357925087213516,2.2539305686950684,2.7506024837493896,0.2563457190990448,-1.1476682424545288,2.0395283699035645,-2.6058504581451416,-2.753077507019043,0.7593678832054138,-0.12755094468593597,1.2716363668441772,-0.832882821559906,3.120175838470459,5.420008659362793,-6.257515907287598,-0.278438001871109,-0.7934983372688293,3.6454522609710693,-7.722720623016357,-5.114549160003662,0.5222199559211731,-0.3120937645435333,1.588754415512085,-1.8112108707427979,3.368128776550293,-1.1182841062545776,2.3787622451782227,-0.4367690980434418,0.3008817136287689,-1.378761887550354,2.7390060424804688,5.660129070281982,-2.3153340816497803,-0.22930318117141724,-5.918003082275391,1.4114998579025269,-3.1714890003204346,-7.533298969268799,4.012486934661865,-0.4480142891407013,3.2572009563446045,-3.2067999839782715,6.0201029777526855,-4.784440517425537,0.4614013433456421,-0.2164260447025299,4.5896382331848145,-2.177428722381592,0.976710319519043,-2.027425765991211,-0.8686898350715637,-0.36945435404777527,1.5043424367904663,-3.596433401107788,1.3453642129898071,-4.74560022354126,-1.0804190635681152,-0.7817354798316956,2.860724687576294,-3.0572736263275146,1.7004661560058594,3.7458572387695312,-3.461454153060913,-0.5623384118080139,-2.242682695388794,-1.290146827697754,-0.9979815483093262,0.06281756609678268,-1.279604434967041,-0.2888503074645996,-0.2574566602706909,1.1233738660812378,1.4354132413864136,-7.541036128997803,0.22194519639015198,-0.5798029899597168,2.83398175239563,-2.354518175125122,7.785558223724365,0.8949632048606873,-2.1758992671966553,-0.5499345064163208,-2.447218656539917,4.19207763671875,-0.26880553364753723,4.788989543914795,-5.331998348236084,-0.28831160068511963,-2.65221905708313,5.890825271606445,-7.705451011657715,-5.1454854011535645,2.172881841659546,-0.468238890171051,2.515113115310669,0.5531620383262634,1.162479043006897,-4.2777581214904785,4.5161051750183105,0.007866689935326576,2.25950288772583,-3.9175236225128174,4.857605934143066,-1.9988305568695068,-0.6620549559593201,-0.18502934277057648,2.531970262527466,0.06440412998199463,1.9774248600006104,1.0181498527526855,0.02343001216650009,0.34227293729782104,-0.16909843683242798,0.6243711709976196,0.5147202610969543,-1.3460676670074463,-0.8662843704223633,-0.16638563573360443,1.4312381744384766,-0.7224751710891724,-0.2664756774902344,1.3885374069213867,-0.04303750395774841,-0.23785141110420227,-0.6864900588989258,0.5832185745239258,1.5830059051513672,-0.3203572928905487,0.2935079336166382,-0.3641969859600067,2.0105721950531006,-0.795968770980835,-0.2045190930366516,0.6500284075737,-1.761574387550354,-0.025092506781220436,-2.927614688873291,-0.46074503660202026,-1.3095444440841675,1.1320741176605225,1.7441608905792236,0.00742707122117281,-0.6294459104537964,2.180549144744873,-0.9295753240585327,1.2752891778945923,-1.7416622638702393,-0.12256860733032227,-1.3201771974563599,0.974149763584137,-0.7068386077880859,-0.156839057803154,0.6301199,0.62665844
49,-5.416574001312256,2.0395703315734863,-0.5191980600357056,4.311304092407227,-6.514831066131592,6.572659015655518,2.4352145195007324,-1.0024042129516602,-0.35901540517807007,-3.1530683040618896,2.505568504333496,-1.858875036239624,2.717432975769043,-0.7111706137657166,-0.6307076215744019,-1.4287145137786865,1.3068506717681885,-3.685519218444824,-4.219464302062988,3.4516191482543945,-0.7009210586547852,4.4131693840026855,-5.472301959991455,3.792325735092163,4.90501070022583,-3.4276280403137207,-0.16037267446517944,-4.458946228027344,2.3059756755828857,-7.086666107177734,4.370916843414307,1.0362768173217773,-0.24558202922344208,-2.775973081588745,1.5841643810272217,-4.935689926147461,1.4088209867477417,-1.7914700508117676,-0.45625507831573486,-0.23850172758102417,0.12402470409870148,-5.115264892578125,2.0582780838012695,-3.397066116333008,-0.6113110184669495,-2.942202091217041,0.9958416819572449,-2.737295150756836,-2.822129011154175,-1.5174055099487305,-0.3961319327354431,3.6373188495635986,-5.350797176361084,-0.7416448593139648,2.139951229095459,2.567518711090088,-0.5528120994567871,-3.0376908779144287,-0.32917219400405884,0.5816572904586792,4.814108848571777,-2.0822746753692627,-0.3147854208946228,-8.896066665649414,4.636715412139893,-3.213724136352539,-1.3882532119750977,2.3637614250183105,-0.5092689990997314,0.33411920070648193,-2.3003880977630615,5.102590084075928,-5.386744976043701,2.798513650894165,-0.3731265664100647,5.648723125457764,-5.7515668869018555,6.419160842895508,3.348250150680542,-1.5355753898620605,-0.6424731016159058,-3.6501927375793457,1.0953084230422974,-0.9515075087547302,3.0516602993011475,1.9939407110214233,-0.456520140171051,-5.246435642242432,3.1303720474243164,-5.366239070892334,2.0789785385131836,-0.3546198904514313,-0.10492226481437683,-0.6046899557113647,1.743017315864563,-2.823629856109619,0.40077462792396545,0.5998072028160095,0.31759560108184814,0.6065047383308411,-0.010590622201561928,0.8066471815109253,-0.22296446561813354,0.8145099878311157,-0.24596741795539856,0.7134577035903931,-1.3043081760406494,-0.6320777535438538,2.1149396896362305,0.37441176176071167,-0.10588646680116653,1.691789150238037,0.9892444610595703,-0.1456224024295807,2.2724733352661133,2.8477001190185547,0.25622493028640747,-1.178483247756958,2.062321901321411,-2.6416988372802734,-2.7486841678619385,0.7562796473503113,-0.12779952585697174,1.2530122995376587,-0.8418040871620178,3.198715925216675,5.460127353668213,-6.340280055999756,-0.2789285480976105,-0.7611641883850098,3.660022258758545,-7.773783206939697,-5.160058975219727,0.5109109878540039,-0.31309011578559875,1.5661137104034424,-1.7941129207611084,3.4018898010253906,-1.1275010108947754,2.3857364654541016,-0.4378181993961334,0.3088604211807251,-1.3783915042877197,2.75504207611084,5.718369007110596,-2.306825637817383,-0.23083601891994476,-6.003396034240723,1.380910038948059,-3.143224000930786,-7.579888343811035,3.993919610977173,-0.4487895965576172,3.2500040531158447,-3.1824474334716797,6.09238338470459,-4.78615140914917,0.45802682638168335,-0.21729086339473724,4.630914211273193,-2.2140917778015137,0.962433397769928,-2.0424859523773193,-0.9088008999824524,-0.3691360056400299,1.5227748155593872,-3.6357595920562744,1.3356910943984985,-4.778321743011475,-1.0739439725875854,-0.7823855876922607,2.874397039413452,-3.044092893600464,1.6952786445617676,3.7846341133117676,-3.4778900146484375,-0.5630969405174255,-2.234819173812866,-1.358270525932312,-1.0204464197158813,0.05533790588378906,-1.2601864337921143,-0.2895130217075348,-0.27355626225471497,1.134492039680481,1.4328484535217285,-7.605058670043945,0.19655488431453705,-0.58027184009552,2.840330123901367,-2.312779188156128,7.830033302307129,0.9197179079055786,-2.1690173149108887,-0.5514596700668335,-2.5243635177612305,4.186882972717285,-0.23583678901195526,4.811925888061523,-5.37269401550293,-0.28968122601509094,-2.641026496887207,5.92838191986084,-7.737987518310547,-5.167691707611084,2.2176802158355713,-0.4689604640007019,2.5704002380371094,0.5797598958015442,1.1189292669296265,-4.301594257354736,4.583277225494385,0.008040670305490494,2.2590668201446533,-3.905226230621338,4.875912189483643,-2.0309574604034424,-0.6859968304634094,-0.18514114618301392,2.5063858032226562,0.08494504541158676,2.0281283855438232,1.0297759771347046,0.013575275428593159,0.3421456515789032,-0.168633371591568,0.6318021416664124,0.5201700925827026,-1.359611988067627,-0.8710331916809082,-0.1670600175857544,1.45430326461792,-0.728263795375824,-0.27109450101852417,1.4070837497711182,-0.054485950618982315,-0.23785889148712158,-0.7144877314567566,0.5864965915679932,1.6282975673675537,-0.29778850078582764,0.30636143684387207,-0.36467331647872925,2.058347702026367,-0.8208129405975342,-0.2385203242301941,0.659402072429657,-1.7840038537979126,-0.024986306205391884,-2.948979377746582,-0.48344287276268005,-1.3124181032180786,1.1238430738449097,1.7651392221450806,0.005744263995438814,-0.6348704099655151,2.204893112182617,-0.9327183961868286,1.2759095430374146,-1.7339574098587036,-0.12613312900066376,-1.3290419578552246,0.9618521928787231,-0.7049458026885986,-0.15100723505020142,0.63026947,0.62634987
50,-5.4338483810424805,2.0316762924194336,-0.5196815133094788,4.309428691864014,-6.600675106048584,6.620492935180664,2.4483842849731445,-1.0112278461456299,-0.3592481315135956,-3.146275520324707,2.5245394706726074,-1.8835445642471313,2.721653938293457,-0.7154968976974487,-0.6310275197029114,-1.4121047258377075,1.3648555278778076,-3.714589834213257,-4.275230407714844,3.443061351776123,-0.7008484601974487,4.4423651695251465,-5.474309921264648,3.827441930770874,4.906430244445801,-3.4827938079833984,-0.1603652834892273,-4.4735260009765625,2.337953567504883,-7.074635982513428,4.412341594696045,1.0947227478027344,-0.24633535742759705,-2.797093629837036,1.5694772005081177,-4.980636119842529,1.4028806686401367,-1.8172006607055664,-0.45652809739112854,-0.20540779829025269,0.12369142472743988,-5.155069828033447,2.062131643295288,-3.402798891067505,-0.6128867268562317,-2.936234474182129,0.9987148642539978,-2.7462666034698486,-2.830530881881714,-1.5333040952682495,-0.3979208469390869,3.713162422180176,-5.39640474319458,-0.7759082317352295,2.1615822315216064,2.5937187671661377,-0.553188145160675,-3.0468528270721436,-0.3501686453819275,0.5697101354598999,4.828549861907959,-2.062258243560791,-0.31585705280303955,-8.976633071899414,4.663182735443115,-3.2073073387145996,-1.3815739154815674,2.3653061389923096,-0.5097180008888245,0.2823619246482849,-2.3275630474090576,5.192809104919434,-5.408635139465332,2.783463478088379,-0.37372368574142456,5.664452075958252,-5.800880432128906,6.452593803405762,3.3629891872406006,-1.5525414943695068,-0.6432636976242065,-3.677187204360962,1.0916063785552979,-0.9557350873947144,3.054563522338867,2.0862503051757812,-0.45718568563461304,-5.291224479675293,3.1812214851379395,-5.393560409545898,2.114382743835449,-0.32299596071243286,-0.1068824902176857,-0.5699007511138916,1.7202329635620117,-2.886312961578369,0.406477689743042,0.6116464138031006,0.3176356256008148,0.6120775938034058,-0.0040295920334756374,0.81683748960495,-0.22082601487636566,0.8111242651939392,-0.24629539251327515,0.7641549706459045,-1.3139171600341797,-0.6653084754943848,2.138253688812256,0.37833285331726074,-0.10640372335910797,1.727448582649231,0.9673265814781189,-0.17795100808143616,2.2911832332611084,2.9437923431396484,0.2561074495315552,-1.2098151445388794,2.0845682621002197,-2.6768088340759277,-2.7431631088256836,0.7530408501625061,-0.12805163860321045,1.232951045036316,-0.8508347868919373,3.2782695293426514,5.4998698234558105,-6.4212117195129395,-0.2793961465358734,-0.7304153442382812,3.6741628646850586,-7.8233723640441895,-5.204143524169922,0.49985387921333313,-0.3140747845172882,1.5439521074295044,-1.776747226715088,3.435490369796753,-1.137413740158081,2.3917288780212402,-0.4388660192489624,0.31778568029403687,-1.3759398460388184,2.770066022872925,5.775588035583496,-2.2984848022460938,-0.23236770927906036,-6.087713718414307,1.3502179384231567,-3.1146345138549805,-7.626466751098633,3.974285125732422,-0.4495491087436676,3.2434756755828857,-3.156675100326538,6.164034366607666,-4.786816120147705,0.4541650712490082,-0.2181476205587387,4.670678615570068,-2.2509067058563232,0.9496096968650818,-2.057835817337036,-0.949061393737793,-0.3687892556190491,1.5411393642425537,-3.6745903491973877,1.3262996673583984,-4.810990810394287,-1.0661238431930542,-0.7830145359039307,2.8875930309295654,-3.029366970062256,1.6901875734329224,3.8228681087493896,-3.492776393890381,-0.5638238191604614,-2.2271320819854736,-1.4262373447418213,-1.044130563735962,0.04859117418527603,-1.2398302555084229,-0.29015815258026123,-0.2901374399662018,1.1445013284683228,1.4297075271606445,-7.668091297149658,0.17271891236305237,-0.5807075500488281,2.84788179397583,-2.2698419094085693,7.871906757354736,0.9450559020042419,-2.1621828079223633,-0.5529952645301819,-2.6023874282836914,4.17963981628418,-0.2024260312318802,4.835055828094482,-5.412599086761475,-0.2910315692424774,-2.6307404041290283,5.965613842010498,-7.769800186157227,-5.18841028213501,2.2619595527648926,-0.46966901421546936,2.6259191036224365,0.6058782935142517,1.0750792026519775,-4.325712203979492,4.648876667022705,0.008231881074607372,2.259873628616333,-3.8912792205810547,4.893609046936035,-2.0627284049987793,-0.7087041139602661,-0.18522413074970245,2.4792165756225586,0.10511789470911026,2.078941583633423,1.041282296180725,0.00369825167581439,0.3420161306858063,-0.16815976798534393,0.6390968561172485,0.5255864262580872,-1.3730764389038086,-0.8749942183494568,-0.1677359640598297,1.4747545719146729,-0.7342392206192017,-0.27440106868743896,1.4256987571716309,-0.06679464876651764,-0.23785723745822906,-0.7423776984214783,0.5896309018135071,1.6742355823516846,-0.27540847659111023,0.31865617632865906,-0.3651502728462219,2.1044118404388428,-0.846131443977356,-0.27204564213752747,0.6684070229530334,-1.8056087493896484,-0.024869969114661217,-2.9697697162628174,-0.5058256983757019,-1.3145984411239624,1.1153748035430908,1.7839397192001343,0.0041039325296878815,-0.6400150060653687,2.228408098220825,-0.935352087020874,1.2765533924102783,-1.7270488739013672,-0.12959687411785126,-1.337493658065796,0.9497845768928528,-0.703270673751831,-0.1454586386680603,0.6301199,0.62604135
51,-5.450531482696533,2.0246779918670654,-0.5201573967933655,4.30589485168457,-6.687183856964111,6.66829252243042,2.4616920948028564,-1.0203348398208618,-0.3594704568386078,-3.139552354812622,2.5428624153137207,-1.9074602127075195,2.7251110076904297,-0.7190759778022766,-0.6313198208808899,-1.3954945802688599,1.4237220287322998,-3.743304967880249,-4.331564903259277,3.4345602989196777,-0.7007428407669067,4.4706807136535645,-5.474328994750977,3.8619422912597656,4.907185077667236,-3.5378990173339844,-0.1603231132030487,-4.487646102905273,2.3704304695129395,-7.06290864944458,4.453566551208496,1.150654911994934,-0.2470671534538269,-2.8155252933502197,1.5541231632232666,-5.026021480560303,1.39680814743042,-1.8439069986343384,-0.4567936658859253,-0.1738358438014984,0.12268297374248505,-5.192254543304443,2.065936803817749,-3.407841205596924,-0.6144700646400452,-2.931671142578125,1.001394510269165,-2.7542049884796143,-2.8384907245635986,-1.5480830669403076,-0.3997204899787903,3.7873735427856445,-5.441713809967041,-0.8095125555992126,2.1823110580444336,2.618803024291992,-0.5535403490066528,-3.0542378425598145,-0.37147271633148193,0.5570151805877686,4.842848300933838,-2.0421550273895264,-0.3169247806072235,-9.055462837219238,4.689258575439453,-3.2012271881103516,-1.3756004571914673,2.364561080932617,-0.5101521015167236,0.23209214210510254,-2.3548214435577393,5.281937599182129,-5.429499626159668,2.7699191570281982,-0.37430518865585327,5.6805644035339355,-5.850399494171143,6.483911037445068,3.377077579498291,-1.5685242414474487,-0.6440380811691284,-3.703092336654663,1.0879106521606445,-0.9609385132789612,3.0566024780273438,2.17596697807312,-0.4578607380390167,-5.335737705230713,3.2329509258270264,-5.419063091278076,2.1507627964019775,-0.2901565730571747,-0.10885205864906311,-0.535839319229126,1.6950466632843018,-2.9490067958831787,0.412260502576828,0.623372495174408,0.31767594814300537,0.6174629330635071,0.002619488164782524,0.8270316123962402,-0.21931582689285278,0.8068926930427551,-0.24662140011787415,0.8144599795341492,-1.322257399559021,-0.698586106300354,2.161583662033081,0.38190895318984985,-0.10692646354436874,1.762473702430725,0.9440596103668213,-0.21055161952972412,2.310112714767456,3.038722515106201,0.2559906542301178,-1.2416459321975708,2.1061880588531494,-2.711155891418457,-2.736553192138672,0.7496510744094849,-0.12831062078475952,1.2115235328674316,-0.8599269986152649,3.3586766719818115,5.539294242858887,-6.500354766845703,-0.27984005212783813,-0.7011443972587585,3.6878597736358643,-7.871479034423828,-5.246817111968994,0.48904597759246826,-0.3150430917739868,1.5223407745361328,-1.7591283321380615,3.4689080715179443,-1.148059368133545,2.3968851566314697,-0.4399136006832123,0.32762593030929565,-1.371422529220581,2.784101724624634,5.831820487976074,-2.2902820110321045,-0.2338935285806656,-6.170961856842041,1.3194154500961304,-3.085725784301758,-7.673009395599365,3.95378041267395,-0.45029470324516296,3.237488269805908,-3.129586935043335,6.23488187789917,-4.786563396453857,0.44985103607177734,-0.21899333596229553,4.709054946899414,-2.28780460357666,0.9381906986236572,-2.073486089706421,-0.9894932508468628,-0.36841145157814026,1.5594587326049805,-3.7129600048065186,1.3171881437301636,-4.843564510345459,-1.0570131540298462,-0.7836135625839233,2.900364398956299,-3.0131027698516846,1.685128927230835,3.8605751991271973,-3.5061440467834473,-0.5645124912261963,-2.219628095626831,-1.4940528869628906,-1.0689325332641602,0.04260195419192314,-1.2185618877410889,-0.29078608751296997,-0.3071669638156891,1.1533904075622559,1.4260947704315186,-7.73028564453125,0.15044310688972473,-0.5811231136322021,2.8566551208496094,-2.225728750228882,7.911365985870361,0.9709339737892151,-2.155351161956787,-0.5545271635055542,-2.6811370849609375,4.170413494110107,-0.16863586008548737,4.858372688293457,-5.451744079589844,-0.2923699915409088,-2.6213438510894775,6.0025763511657715,-7.800933361053467,-5.207779884338379,2.305718421936035,-0.47036534547805786,2.6816489696502686,0.6314849257469177,1.0309913158416748,-4.3501691818237305,4.712929725646973,0.008439328521490097,2.2619259357452393,-3.8756651878356934,4.910670280456543,-2.0940539836883545,-0.730299711227417,-0.18527725338935852,2.4506428241729736,0.12489158660173416,2.1297316551208496,1.052666425704956,-0.006194167770445347,0.3418861925601959,-0.1676744520664215,0.6462617516517639,0.5309687852859497,-1.3864178657531738,-0.8781963586807251,-0.1684144139289856,1.4926608800888062,-0.7404012680053711,-0.2764359712600708,1.4443496465682983,-0.07996471971273422,-0.23784221708774567,-0.7701082229614258,0.592637836933136,1.7207438945770264,-0.2532363533973694,0.3303608298301697,-0.3656316101551056,2.1487839221954346,-0.8719801902770996,-0.30505719780921936,0.6770372986793518,-1.8264371156692505,-0.02474399097263813,-2.990032434463501,-0.527849018573761,-1.3160934448242188,1.1066776514053345,1.8006409406661987,0.002504789736121893,-0.6449108123779297,2.251079559326172,-0.9375492334365845,1.277209758758545,-1.720811367034912,-0.13297206163406372,-1.345539927482605,0.9379797577857971,-0.7017873525619507,-0.14018890261650085,0.630444,0.6251157
52,-5.466673851013184,2.0185351371765137,-0.5206354260444641,4.300692558288574,-6.77431058883667,6.716008186340332,2.4750988483428955,-1.0297493934631348,-0.3596748411655426,-3.1329925060272217,2.5605509281158447,-1.930562973022461,2.727843761444092,-0.7218636870384216,-0.631597638130188,-1.3788723945617676,1.483305811882019,-3.7717108726501465,-4.388336658477783,3.4261672496795654,-0.7006120085716248,4.49826717376709,-5.472450256347656,3.8957693576812744,4.907325744628906,-3.5929932594299316,-0.1602492332458496,-4.501393795013428,2.4033620357513428,-7.051445960998535,4.494475364685059,1.2041572332382202,-0.2477755844593048,-2.831317186355591,1.5381512641906738,-5.071893692016602,1.3906620740890503,-1.871584415435791,-0.457057386636734,-0.14378535747528076,0.12091418355703354,-5.226881980895996,2.0696873664855957,-3.4122331142425537,-0.6160557866096497,-2.9285006523132324,1.0038503408432007,-2.761099100112915,-2.8460323810577393,-1.561800241470337,-0.40152713656425476,3.8599016666412354,-5.486691951751709,-0.8424085974693298,2.2020833492279053,2.6428606510162354,-0.5538686513900757,-3.0599021911621094,-0.39300036430358887,0.5436597466468811,4.857017993927002,-2.0219523906707764,-0.31798237562179565,-9.132732391357422,4.714984893798828,-3.1954450607299805,-1.3703793287277222,2.361621856689453,-0.5105494260787964,0.18334655463695526,-2.382207155227661,5.369811534881592,-5.449383735656738,2.757856845855713,-0.3748707175254822,5.69714879989624,-5.899953365325928,6.513128757476807,3.3904645442962646,-1.5835504531860352,-0.6447949409484863,-3.7279348373413086,1.084271788597107,-0.9670049548149109,3.0577847957611084,2.263110876083374,-0.4585389196872711,-5.380007266998291,3.2854952812194824,-5.442721366882324,2.1881558895111084,-0.2561546266078949,-0.11083005368709564,-0.5025278925895691,1.6674883365631104,-3.0116305351257324,0.41813305020332336,0.6349905133247375,0.3177158534526825,0.6226646304130554,0.009366718120872974,0.8372300267219543,-0.2184484899044037,0.8018039464950562,-0.24694496393203735,0.8643337488174438,-1.3293572664260864,-0.7318276762962341,2.1849722862243652,0.385074257850647,-0.10745523124933243,1.7969151735305786,0.9194580316543579,-0.24339275062084198,2.3292574882507324,3.1323792934417725,0.2558728754520416,-1.273926019668579,2.127121925354004,-2.744748830795288,-2.7288777828216553,0.746117889881134,-0.12857653200626373,1.1888389587402344,-0.8690658211708069,3.439746141433716,5.578485488891602,-6.577817440032959,-0.2802630364894867,-0.6732252240180969,3.701111316680908,-7.918255805969238,-5.288157939910889,0.4784714877605438,-0.31599774956703186,1.5013034343719482,-1.741245985031128,3.502096652984619,-1.1594438552856445,2.401310443878174,-0.4409562349319458,0.33834734559059143,-1.364858627319336,2.797175884246826,5.887086868286133,-2.282184362411499,-0.23541729152202606,-6.25320291519165,1.2884953022003174,-3.056525707244873,-7.719542503356934,3.932490825653076,-0.45102831721305847,3.23201060295105,-3.101308822631836,6.304891586303711,-4.785419464111328,0.44513267278671265,-0.2198287546634674,4.746092319488525,-2.3247146606445312,0.9281213283538818,-2.0894722938537598,-1.0301134586334229,-0.3680030405521393,1.5777589082717896,-3.7508771419525146,1.308402180671692,-4.876025676727295,-1.0466684103012085,-0.7841846942901611,2.912757635116577,-2.99538254737854,1.6800721883773804,3.897678852081299,-3.5180742740631104,-0.5651817917823792,-2.2123191356658936,-1.5616718530654907,-1.094748616218567,0.0373929999768734,-1.1964271068572998,-0.2913898825645447,-0.32462066411972046,1.1611536741256714,1.422131896018982,-7.79157829284668,0.12971264123916626,-0.5815126895904541,2.8665966987609863,-2.1804957389831543,7.94849967956543,0.9973154664039612,-2.1485414505004883,-0.5560658574104309,-2.7604479789733887,4.159294128417969,-0.13451363146305084,4.881926536560059,-5.490081310272217,-0.29369279742240906,-2.6128668785095215,6.039332389831543,-7.831451892852783,-5.225743293762207,2.3489797115325928,-0.47104763984680176,2.7374985218048096,0.6565418839454651,0.9867314100265503,-4.374972820281982,4.775496006011963,0.008662225678563118,2.265228271484375,-3.858402967453003,4.927103519439697,-2.1249032020568848,-0.7508992552757263,-0.18530312180519104,2.4209327697753906,0.1442251205444336,2.1803460121154785,1.063944697380066,-0.01609538123011589,0.34175652265548706,-0.16718021035194397,0.6532928943634033,0.5363233685493469,-1.399622917175293,-0.8807034492492676,-0.16909624636173248,1.5080596208572388,-0.7467496395111084,-0.2772183418273926,1.4630489349365234,-0.09399585425853729,-0.23781843483448029,-0.7976412177085876,0.595518171787262,1.7677408456802368,-0.23128700256347656,0.341446191072464,-0.3661152124404907,2.1915273666381836,-0.8984122276306152,-0.3375282883644104,0.6852735280990601,-1.8464971780776978,-0.02460864558815956,-3.009711980819702,-0.5494660139083862,-1.3168796300888062,1.097764015197754,1.8153809309005737,0.0009458045242354274,-0.6496144533157349,2.2729015350341797,-0.9393255114555359,1.2778925895690918,-1.7151719331741333,-0.1362697035074234,-1.3531947135925293,0.926447331905365,-0.700484037399292,-0.13520033657550812,0.63024455,0.6244986
53,-5.482375621795654,2.013230323791504,-0.5211063027381897,4.293889045715332,-6.862196922302246,6.763599395751953,2.488588571548462,-1.0394744873046875,-0.3598625957965851,-3.1266520023345947,2.577603578567505,-1.9528465270996094,2.7299325466156006,-0.7238454818725586,-0.6318576335906982,-1.3622205257415771,1.543461561203003,-3.79986834526062,-4.445596694946289,3.417987108230591,-0.7004713416099548,4.525190830230713,-5.468761920928955,3.928877592086792,4.906909465789795,-3.6481106281280518,-0.1601463109254837,-4.5147705078125,2.436629295349121,-7.040365219116211,4.535099029541016,1.2553149461746216,-0.24846068024635315,-2.8444924354553223,1.5215924978256226,-5.1182661056518555,1.3845254182815552,-1.9002439975738525,-0.45731836557388306,-0.11524885892868042,0.11830117553472519,-5.2591447830200195,2.0733535289764404,-3.4159233570098877,-0.6176331043243408,-2.92671537399292,1.006061315536499,-2.7669525146484375,-2.853200674057007,-1.5744805335998535,-0.4033377468585968,3.93074631690979,-5.53132438659668,-0.8745850324630737,2.2209434509277344,2.665985584259033,-0.5541824102401733,-3.063948631286621,-0.4146495461463928,0.5297232866287231,4.871096134185791,-2.001655340194702,-0.31903091073036194,-9.20842456817627,4.740262985229492,-3.189934730529785,-1.3659446239471436,2.35660719871521,-0.5109310746192932,0.13615597784519196,-2.409632682800293,5.456393241882324,-5.468306064605713,2.7471814155578613,-0.3754221796989441,5.7141594886779785,-5.949609756469727,6.540422439575195,3.4032394886016846,-1.5976568460464478,-0.6455382108688354,-3.751695156097412,1.0807613134384155,-0.9738662838935852,3.0581436157226562,2.347710132598877,-0.4592204988002777,-5.424104690551758,3.338777780532837,-5.464527606964111,2.2264513969421387,-0.22104722261428833,-0.11281581223011017,-0.46998363733291626,1.6376426219940186,-3.0741019248962402,0.4240940809249878,0.6464945673942566,0.3177560865879059,0.6277035474777222,0.01622151955962181,0.8474285006523132,-0.21823711693286896,0.7958704233169556,-0.24726836383342743,0.9137491583824158,-1.3352769613265991,-0.7649895548820496,2.208446502685547,0.3877732753753662,-0.1079891249537468,1.8307970762252808,0.8935471773147583,-0.2764520049095154,2.348659038543701,3.2247419357299805,0.25575149059295654,-1.3066672086715698,2.1473333835601807,-2.7775464057922363,-2.7201762199401855,0.7424464225769043,-0.12884704768657684,1.1649894714355469,-0.8782244324684143,3.52138090133667,5.617471694946289,-6.653684616088867,-0.2806655168533325,-0.6465545296669006,3.7139053344726562,-7.963702201843262,-5.3282084465026855,0.4681316316127777,-0.31693634390830994,1.480904459953308,-1.7231247425079346,3.5349698066711426,-1.1715501546859741,2.405148506164551,-0.44199472665786743,0.34991830587387085,-1.3562637567520142,2.8093643188476562,5.941475868225098,-2.2741823196411133,-0.23693779110908508,-6.334474563598633,1.2574290037155151,-3.0270490646362305,-7.7660369873046875,3.9105634689331055,-0.45174944400787354,3.227015495300293,-3.0719900131225586,6.3739728927612305,-4.783422946929932,0.44005388021469116,-0.22065691649913788,4.781933307647705,-2.361567735671997,0.9193294048309326,-2.1057820320129395,-1.0709526538848877,-0.3675704598426819,1.5960767269134521,-3.788337230682373,1.299945592880249,-4.908414840698242,-1.0351414680480957,-0.7847238183021545,2.924835443496704,-2.97622013092041,1.6749943494796753,3.9341928958892822,-3.5286614894866943,-0.5658170580863953,-2.2051708698272705,-1.6290621757507324,-1.1214848756790161,0.032988112419843674,-1.1734497547149658,-0.2919796109199524,-0.3424580991268158,1.1677554845809937,1.4179432392120361,-7.851991176605225,0.11051309108734131,-0.581890881061554,2.877711296081543,-2.1341452598571777,7.98347282409668,1.0241713523864746,-2.1416640281677246,-0.5576057434082031,-2.8401992321014404,4.146478176116943,-0.10012243688106537,4.905668258666992,-5.527661323547363,-0.2950040102005005,-2.6052777767181396,6.0759077072143555,-7.861358642578125,-5.242393493652344,2.391711950302124,-0.47171977162361145,2.793377637863159,0.6810092329978943,0.942353367805481,-4.400225639343262,4.836635112762451,0.008899815380573273,2.269798755645752,-3.839430332183838,4.942836761474609,-2.1552324295043945,-0.7705920338630676,-0.18530264496803284,2.390226364135742,0.16308283805847168,2.230682134628296,1.0751042366027832,-0.02599923685193062,0.3416266143321991,-0.16667486727237701,0.6601958274841309,0.5416614413261414,-1.4126743078231812,-0.882561445236206,-0.16977842152118683,1.5210726261138916,-0.7532505393028259,-0.2767913043498993,1.4817556142807007,-0.10887664556503296,-0.23778660595417023,-0.8249465227127075,0.5982769727706909,1.8151711225509644,-0.2095717191696167,0.35189247131347656,-0.3665965497493744,2.232654094696045,-0.9254506826400757,-0.3694252073764801,0.693103015422821,-1.865809679031372,-0.024464797228574753,-3.028806686401367,-0.5706343054771423,-1.316997766494751,1.0886532068252563,1.8282370567321777,-0.0005737480823881924,-0.6541628241539001,2.2938990592956543,-0.9407299160957336,1.2785989046096802,-1.7100293636322021,-0.13950273394584656,-1.3604769706726074,0.9152137637138367,-0.6993218660354614,-0.1304677426815033,0.6301947,0.6248072
54,-5.49762487411499,2.008734941482544,-0.5215805172920227,4.285600185394287,-6.950744152069092,6.811052322387695,2.502129077911377,-1.049524188041687,-0.3600366413593292,-3.120577573776245,2.594020366668701,-1.9743223190307617,2.731433629989624,-0.7249870896339417,-0.6320919990539551,-1.3455668687820435,1.604030966758728,-3.827805280685425,-4.503215312957764,3.4100453853607178,-0.7003012895584106,4.551387310028076,-5.4634222984313965,3.961181402206421,4.906001091003418,-3.7032434940338135,-0.16001173853874207,-4.527876377105713,2.4701664447784424,-7.029494762420654,4.575525283813477,1.3042213916778564,-0.24912244081497192,-2.8550608158111572,1.5044684410095215,-5.165255546569824,1.378462314605713,-1.9298902750015259,-0.4575764834880829,-0.08821200579404831,0.11476294696331024,-5.289074897766113,2.076958656311035,-3.4189882278442383,-0.6192196607589722,-2.9263174533843994,1.008026123046875,-2.7717959880828857,-2.8600149154663086,-1.5861483812332153,-0.40515807271003723,3.999828815460205,-5.575561046600342,-0.9060190320014954,2.238842487335205,2.6882152557373047,-0.5544783473014832,-3.066450595855713,-0.4362957179546356,0.5152885913848877,4.885078430175781,-1.9812453985214233,-0.32007700204849243,-9.282620429992676,4.765231609344482,-3.1846401691436768,-1.3623242378234863,2.3495571613311768,-0.5112795233726501,0.09053013473749161,-2.4370245933532715,5.541712760925293,-5.486328125,2.737847089767456,-0.37596163153648376,5.731602668762207,-5.999225616455078,6.565920829772949,3.415301561355591,-1.610855221748352,-0.6462597846984863,-3.7743327617645264,1.0774524211883545,-0.9814351797103882,3.0577268600463867,2.429783821105957,-0.45990797877311707,-5.467947959899902,3.392760753631592,-5.484630584716797,2.2657501697540283,-0.18489781022071838,-0.11480726301670074,-0.43821826577186584,1.605613112449646,-3.136380672454834,0.4301489591598511,0.6578829884529114,0.317795991897583,0.6325867176055908,0.023192454129457474,0.8576411604881287,-0.21868473291397095,0.7890952229499817,-0.24759113788604736,0.9626945853233337,-1.340048909187317,-0.7980246543884277,2.2320668697357178,0.3899478018283844,-0.10852783918380737,1.864153265953064,0.8663829565048218,-0.30970773100852966,2.3683245182037354,3.315685510635376,0.255635142326355,-1.3398038148880005,2.1667490005493164,-2.8095295429229736,-2.7104241847991943,0.7386346459388733,-0.12912221252918243,1.1400753259658813,-0.8873565793037415,3.603395700454712,5.656148910522461,-6.728034973144531,-0.28104713559150696,-0.6210241317749023,3.7262184619903564,-8.007997512817383,-5.36692476272583,0.45801976323127747,-0.31786155700683594,1.4611965417861938,-1.7047373056411743,3.5675368309020996,-1.1843751668930054,2.4084866046905518,-0.44302642345428467,0.36230725049972534,-1.3457016944885254,2.8206846714019775,5.994931697845459,-2.266218662261963,-0.23845402896404266,-6.41473913192749,1.2262154817581177,-2.997349500656128,-7.812416076660156,3.888087272644043,-0.4524553120136261,3.222409248352051,-3.0416767597198486,6.442087650299072,-4.780688762664795,0.4346584975719452,-0.22147874534130096,4.816653728485107,-2.398310899734497,0.9117239117622375,-2.1223974227905273,-1.1119904518127441,-0.3671090006828308,1.614452600479126,-3.8253273963928223,1.2917917966842651,-4.940694332122803,-1.0224804878234863,-0.7852354645729065,2.936583995819092,-2.9557342529296875,1.6698426008224487,3.97003173828125,-3.53802752494812,-0.5664253234863281,-2.1982314586639404,-1.696173071861267,-1.1490291357040405,0.029414450749754906,-1.1497105360031128,-0.2925530970096588,-0.360637903213501,1.1732184886932373,1.413621425628662,-7.911550521850586,0.09281118959188461,-0.5822453498840332,2.8900368213653564,-2.086653709411621,8.016327857971191,1.0514576435089111,-2.1346771717071533,-0.5591578483581543,-2.9202826023101807,4.131954669952393,-0.06552857905626297,4.929494380950928,-5.564297199249268,-0.29629915952682495,-2.598560094833374,6.112278938293457,-7.890711307525635,-5.257759094238281,2.4338924884796143,-0.4723787307739258,2.849256753921509,0.7048420906066895,0.8978942632675171,-4.4259562492370605,4.896416664123535,0.009151533246040344,2.2755541801452637,-3.8187403678894043,4.957888126373291,-2.1850123405456543,-0.7894757390022278,-0.18527714908123016,2.35874080657959,0.18142393231391907,2.2806200981140137,1.0861485004425049,-0.03590023145079613,0.3414963483810425,-0.1661590188741684,0.6669710278511047,0.5469890832901001,-1.4255415201187134,-0.8838251233100891,-0.1704622060060501,1.5317713022232056,-0.7598783373832703,-0.2752029299736023,1.5004535913467407,-0.12459353357553482,-0.2377449870109558,-0.8519951701164246,0.6009309887886047,1.8629510402679443,-0.1881054788827896,0.36167213320732117,-0.3670808672904968,2.2722389698028564,-0.953153133392334,-0.400729775428772,0.700515866279602,-1.8843986988067627,-0.0243120975792408,-3.0473947525024414,-0.5913146138191223,-1.3164390325546265,1.0793375968933105,1.8393276929855347,-0.002053893404081464,-0.6585720181465149,2.3140883445739746,-0.94176185131073,1.2793223857879639,-1.7053241729736328,-0.1426820605993271,-1.367393970489502,0.9042889475822449,-0.6982833743095398,-0.12598916888237,0.6303692,0.6251157
55,-5.512584209442139,2.0050408840179443,-0.5220527052879333,4.275870323181152,-7.039947986602783,6.858457088470459,2.515720844268799,-1.0598881244659424,-0.36019861698150635,-3.1148366928100586,2.6097590923309326,-1.9949781894683838,2.7324206829071045,-0.7252867221832275,-0.6323156952857971,-1.328906774520874,1.6648194789886475,-3.8555572032928467,-4.561136722564697,3.40240740776062,-0.7001123428344727,4.576966762542725,-5.456504821777344,3.992650032043457,4.9046735763549805,-3.7583987712860107,-0.15984949469566345,-4.540804862976074,2.503885507583618,-7.018879413604736,4.615644454956055,1.3509817123413086,-0.24975916743278503,-2.8630452156066895,1.4868426322937012,-5.212821006774902,1.3725614547729492,-1.9605077505111694,-0.45783573389053345,-0.06264911592006683,0.1102077066898346,-5.316778659820557,2.0804901123046875,-3.4213926792144775,-0.620808482170105,-2.9272706508636475,1.0097410678863525,-2.775669574737549,-2.866520404815674,-1.5968326330184937,-0.4069845676422119,4.067149639129639,-5.619388103485107,-0.936709463596344,2.2558064460754395,2.709587812423706,-0.5547404885292053,-3.06746506690979,-0.45782607793807983,0.5004220008850098,4.8990254402160645,-1.9607231616973877,-0.3211148977279663,-9.355264663696289,4.789815425872803,-3.179504156112671,-1.3595635890960693,2.3405866622924805,-0.511608362197876,0.0464712493121624,-2.4643590450286865,5.625669956207275,-5.503474712371826,2.729804039001465,-0.3764854073524475,5.749402046203613,-6.0488057136535645,6.589715957641602,3.4266886711120605,-1.6231701374053955,-0.6469687819480896,-3.7958295345306396,1.0744338035583496,-0.9896410703659058,3.0565829277038574,2.5093812942504883,-0.4606036841869354,-5.511690616607666,3.447359561920166,-5.502986431121826,2.305924415588379,-0.14776188135147095,-0.11680474132299423,-0.40723592042922974,1.5715011358261108,-3.198411703109741,0.43630191683769226,0.6691593527793884,0.31783559918403625,0.637326180934906,0.030288556590676308,0.8678735494613647,-0.2198009192943573,0.7815009951591492,-0.2479114532470703,1.0111503601074219,-1.3437275886535645,-0.8308842182159424,2.25584077835083,0.3915746510028839,-0.10907256603240967,1.8970285654067993,0.838034987449646,-0.3431285321712494,2.3883063793182373,3.405183792114258,0.2555149793624878,-1.3733489513397217,2.185328483581543,-2.8406944274902344,-2.69968843460083,0.734684407711029,-0.12940289080142975,1.114206314086914,-0.8964372873306274,3.685647964477539,5.694605827331543,-6.800960063934326,-0.2814098298549652,-0.5965376496315002,3.7380144596099854,-8.0510892868042,-5.404490947723389,0.4481481611728668,-0.31877198815345764,1.4421765804290771,-1.6860905885696411,3.5997540950775146,-1.1979172229766846,2.4113824367523193,-0.4440559446811676,0.3754698932170868,-1.3331912755966187,2.8311798572540283,6.047402858734131,-2.2582974433898926,-0.23996548354625702,-6.494054317474365,1.194833517074585,-2.9673943519592285,-7.858689785003662,3.8651578426361084,-0.453152060508728,3.2181386947631836,-3.0105624198913574,6.509148120880127,-4.777229309082031,0.42899832129478455,-0.22229033708572388,4.850345134735107,-2.4349045753479004,0.9052197337150574,-2.139376640319824,-1.1532516479492188,-0.3666226863861084,1.632911205291748,-3.8618714809417725,1.2839291095733643,-4.972816467285156,-1.0087518692016602,-0.7857245802879333,2.9481360912323,-2.933940887451172,1.6645960807800293,4.005222797393799,-3.546250581741333,-0.5670031905174255,-2.191457748413086,-1.7629717588424683,-1.1773247718811035,0.02669925056397915,-1.1252491474151611,-0.2931087613105774,-0.3791249990463257,1.1775211095809937,1.409246802330017,-7.970331192016602,0.07658041268587112,-0.5825791358947754,2.903475046157837,-2.0380983352661133,8.047197341918945,1.0791354179382324,-2.127553701400757,-0.5607110857963562,-3.0005712509155273,4.115883827209473,-0.03079999051988125,4.953543186187744,-5.600180625915527,-0.2975776493549347,-2.5927107334136963,6.148476600646973,-7.919482707977295,-5.271827697753906,2.4755351543426514,-0.47302407026290894,2.9050421714782715,0.7279759049415588,0.8533792495727539,-4.452202320098877,4.954848766326904,0.009416643530130386,2.2825610637664795,-3.796344757080078,4.972097396850586,-2.214155912399292,-0.8076140284538269,-0.18522511422634125,2.3266048431396484,0.19921250641345978,2.330036163330078,1.097076416015625,-0.045793432742357254,0.3413658142089844,-0.16563202440738678,0.6736135482788086,0.5523107647895813,-1.4382051229476929,-0.8845506906509399,-0.17114602029323578,1.5402746200561523,-0.7666032910346985,-0.2725037932395935,1.519134283065796,-0.14112237095832825,-0.237693652510643,-0.8787680268287659,0.6034829616546631,1.9110075235366821,-0.16690096259117126,0.3707732558250427,-0.36756667494773865,2.310349464416504,-0.9815447926521301,-0.4314265847206116,0.7074975967407227,-1.902279019355774,-0.024151014164090157,-3.06544828414917,-0.6114546060562134,-1.315208911895752,1.0698655843734741,1.8487586975097656,-0.0034951677080243826,-0.6628820300102234,2.3334856033325195,-0.9424751996994019,1.2800766229629517,-1.701005220413208,-0.14582064747810364,-1.3739640712738037,0.8936797976493835,-0.6973474621772766,-0.12175744771957397,0.6304689,0.6248072
56,-5.5272626876831055,2.002102851867676,-0.5225236415863037,4.264795780181885,-7.129807949066162,6.905705451965332,2.529331922531128,-1.0705664157867432,-0.3603459894657135,-3.109447479248047,2.624861478805542,-2.0148048400878906,2.732929229736328,-0.7247413992881775,-0.6325321793556213,-1.3122490644454956,1.7256278991699219,-3.883202314376831,-4.619314193725586,3.3951148986816406,-0.6999046206474304,4.602036952972412,-5.448109149932861,4.023268699645996,4.9030303955078125,-3.8136134147644043,-0.15965917706489563,-4.553542613983154,2.5376851558685303,-7.008469104766846,4.65550422668457,1.3956893682479858,-0.25037458539009094,-2.868530511856079,1.4687308073043823,-5.260969638824463,1.3668749332427979,-1.992071270942688,-0.4580911695957184,-0.038536421954631805,0.10454549640417099,-5.342437744140625,2.0839366912841797,-3.4231066703796387,-0.6223938465118408,-2.929596185684204,1.0111656188964844,-2.778627634048462,-2.8727598190307617,-1.6065841913223267,-0.408814400434494,4.132681369781494,-5.662712097167969,-0.9666423797607422,2.271824598312378,2.73020601272583,-0.5549941658973694,-3.0670766830444336,-0.4791293144226074,0.48520275950431824,4.912923336029053,-1.9401118755340576,-0.32214611768722534,-9.426547050476074,4.814101219177246,-3.174495220184326,-1.357669472694397,2.3297674655914307,-0.511914074420929,0.003972487524151802,-2.491567850112915,5.708296298980713,-5.519882678985596,2.7230000495910645,-0.37699437141418457,5.767566204071045,-6.09818172454834,6.611893177032471,3.4374642372131348,-1.6345964670181274,-0.6476581692695618,-3.8162477016448975,1.071742057800293,-0.9984095692634583,3.054698944091797,2.586582660675049,-0.46130606532096863,-5.555279731750488,3.5025064945220947,-5.519678115844727,2.346954822540283,-0.10972661525011063,-0.1188073605298996,-0.377044141292572,1.5354313850402832,-3.2601306438446045,0.44255831837654114,0.6803194284439087,0.31787505745887756,0.6419258713722229,0.03751702234148979,0.8781206607818604,-0.22158463299274445,0.773107647895813,-0.2482317090034485,1.059117078781128,-1.3463847637176514,-0.8635218143463135,2.27976131439209,0.39261284470558167,-0.10962382704019547,1.9294321537017822,0.8085924983024597,-0.37670034170150757,2.40859055519104,3.4931554794311523,0.2553948163986206,-1.4072741270065308,2.2029974460601807,-2.8710732460021973,-2.688016414642334,0.7305971384048462,-0.12968918681144714,1.087486982345581,-0.9054385423660278,3.7679646015167236,5.732732772827148,-6.872503280639648,-0.2817535400390625,-0.5730072855949402,3.7492964267730713,-8.09310531616211,-5.440913677215576,0.4385056793689728,-0.3196655809879303,1.4238567352294922,-1.667212724685669,3.6315717697143555,-1.2121427059173584,2.4138994216918945,-0.4450812339782715,0.38936781883239746,-1.3188318014144897,2.8409416675567627,6.099015235900879,-2.2503809928894043,-0.24147208034992218,-6.572453498840332,1.1632686853408813,-2.9372341632843018,-7.904728412628174,3.8418705463409424,-0.4538354277610779,3.214177370071411,-2.978769302368164,6.575150012969971,-4.773166179656982,0.42311331629753113,-0.22309421002864838,4.883008003234863,-2.471268653869629,0.8997376561164856,-2.156704902648926,-1.1947318315505981,-0.3661092519760132,1.6514681577682495,-3.8979241847991943,1.276344895362854,-5.004732608795166,-0.9940036535263062,-0.7861897349357605,2.959472179412842,-2.9109742641448975,1.659189224243164,4.039692401885986,-3.553378105163574,-0.5675511956214905,-2.1848485469818115,-1.829397439956665,-1.2062495946884155,0.02485918439924717,-1.1001243591308594,-0.2936452627182007,-0.3978893458843231,1.1806548833847046,1.404918909072876,-8.028240203857422,0.061784666031599045,-0.5828952193260193,2.917994737625122,-1.9884860515594482,8.07620620727539,1.1071456670761108,-2.120281457901001,-0.5622619390487671,-3.0809128284454346,4.098353862762451,0.004009166732430458,4.977777481079102,-5.6353302001953125,-0.29884907603263855,-2.5876529216766357,6.1844868659973145,-7.9477386474609375,-5.284723281860352,2.516636848449707,-0.47366294264793396,2.9606969356536865,0.7503329515457153,0.8088358044624329,-4.478952407836914,5.012019157409668,0.009694843553006649,2.2907092571258545,-3.772221326828003,4.985596656799316,-2.242661237716675,-0.8250762820243835,-0.1851508766412735,2.294018507003784,0.2163791060447693,2.3788983821868896,1.1078978776931763,-0.05567405745387077,0.34123438596725464,-0.1650942713022232,0.6801367402076721,0.5576350092887878,-1.450665831565857,-0.8848018646240234,-0.1718326210975647,1.5466976165771484,-0.7734052538871765,-0.26874735951423645,1.5377779006958008,-0.15843504667282104,-0.23763485252857208,-0.9052459001541138,0.6059284210205078,1.9592589139938354,-0.14596427977085114,0.37917888164520264,-0.3680492639541626,2.346998691558838,-1.010646939277649,-0.4615035951137543,0.7140405178070068,-1.919495940208435,-0.023981833830475807,-3.0829968452453613,-0.6310232281684875,-1.3133374452590942,1.060238003730774,1.8566131591796875,-0.004897360224276781,-0.6671088337898254,2.352165937423706,-0.9428843855857849,1.280849575996399,-1.6969884634017944,-0.14892862737178802,-1.3802027702331543,0.8833913207054138,-0.6964942216873169,-0.11776566505432129,0.6303443,0.6248072
57,-5.541721820831299,1.9998582601547241,-0.5229880213737488,4.252467155456543,-7.220280170440674,6.952783584594727,2.542965888977051,-1.0815377235412598,-0.36047935485839844,-3.1044840812683105,2.6393051147460938,-2.033884286880493,2.7330965995788574,-0.7233538031578064,-0.6327316164970398,-1.295609712600708,1.7862495183944702,-3.910728693008423,-4.677623271942139,3.388209819793701,-0.6996773481369019,4.626567363739014,-5.438372611999512,4.053002834320068,4.901078224182129,-3.86889910697937,-0.15944048762321472,-4.566257476806641,2.5714871883392334,-6.9983038902282715,4.695037364959717,1.4384360313415527,-0.25096598267555237,-2.8715505599975586,1.4502098560333252,-5.3097357749938965,1.3614672422409058,-2.0245893001556396,-0.4583408832550049,-0.015840498730540276,0.09770175069570541,-5.366029262542725,2.0872914791107178,-3.4241693019866943,-0.6239892840385437,-2.9332187175750732,1.012317180633545,-2.780663251876831,-2.878786087036133,-1.6154197454452515,-0.4106543958187103,4.1964521408081055,-5.705560684204102,-0.9958080053329468,2.2868666648864746,2.750026226043701,-0.5552203059196472,-3.065375328063965,-0.5000765323638916,0.46968740224838257,4.926791191101074,-1.919418215751648,-0.3231659531593323,-9.496414184570312,4.8381171226501465,-3.169555425643921,-1.3566858768463135,2.3171825408935547,-0.5121995806694031,-0.036970507353544235,-2.5185463428497314,5.7895331382751465,-5.535497665405273,2.7173407077789307,-0.3774903416633606,5.785994529724121,-6.147347450256348,6.632658004760742,3.4475831985473633,-1.6451431512832642,-0.6483303904533386,-3.835550546646118,1.0694833993911743,-1.0076897144317627,3.05218243598938,2.6614582538604736,-0.4620168209075928,-5.598735809326172,3.5581908226013184,-5.534841060638428,2.3887362480163574,-0.0708603486418724,-0.12081411480903625,-0.3476308584213257,1.4975407123565674,-3.3215057849884033,0.4489195942878723,0.691362202167511,0.31791388988494873,0.6464073657989502,0.04488446190953255,0.8883825540542603,-0.22402870655059814,0.7639302611351013,-0.24855004251003265,1.1065782308578491,-1.3480743169784546,-0.8959171772003174,2.3038928508758545,0.3930443525314331,-0.11017969250679016,1.9614148139953613,0.7781700491905212,-0.4103846251964569,2.429250478744507,3.5796008110046387,0.2552758753299713,-1.4415547847747803,2.2196881771087646,-2.9006340503692627,-2.6753993034362793,0.726391077041626,-0.12997961044311523,1.0600367784500122,-0.9143375158309937,3.8503079414367676,5.770575523376465,-6.942786693572998,-0.2820777893066406,-0.5503342747688293,3.7599780559539795,-8.134208679199219,-5.476154804229736,0.4291047155857086,-0.3205513656139374,1.4062893390655518,-1.6480451822280884,3.6629583835601807,-1.227022647857666,2.416154146194458,-0.44610437750816345,0.40396562218666077,-1.302683711051941,2.8499293327331543,6.149636268615723,-2.2424983978271484,-0.24297353625297546,-6.649909496307373,1.131498098373413,-2.9068682193756104,-7.950460910797119,3.8182976245880127,-0.4545099139213562,3.2104647159576416,-2.946485996246338,6.639981269836426,-4.768447399139404,0.41705530881881714,-0.22389142215251923,4.9148406982421875,-2.507380247116089,0.8951806426048279,-2.174372434616089,-1.2364306449890137,-0.36557337641716003,1.6701431274414062,-3.9335310459136963,1.2690229415893555,-5.036547660827637,-0.978314995765686,-0.7866371870040894,2.9706311225891113,-2.8868801593780518,1.6536062955856323,4.073359966278076,-3.5595133304595947,-0.56807541847229,-2.178378105163574,-1.8953737020492554,-1.2357405424118042,0.02391655370593071,-1.0744147300720215,-0.2941679358482361,-0.41687965393066406,1.1826298236846924,1.400673270225525,-8.085304260253906,0.048382025212049484,-0.5831923484802246,2.933586835861206,-1.9378821849822998,8.103647232055664,1.1354316473007202,-2.1127331256866455,-0.5638212561607361,-3.1612062454223633,4.079480171203613,0.03883510082960129,5.002170562744141,-5.6696858406066895,-0.3001057803630829,-2.583409309387207,6.220259189605713,-7.9753289222717285,-5.296458721160889,2.5572142601013184,-0.47428908944129944,3.016162157058716,0.771861732006073,0.7642757296562195,-4.506256103515625,5.068002223968506,0.009985847398638725,2.300004482269287,-3.7463815212249756,4.998254299163818,-2.270491600036621,-0.8419142365455627,-0.18505500257015228,2.261101484298706,0.23289723694324493,2.427046775817871,1.1186212301254272,-0.06553822755813599,0.34110185503959656,-0.16454331576824188,0.6865395903587341,0.562960147857666,-1.4628945589065552,-0.8846279382705688,-0.1725219041109085,1.55116868019104,-0.7802236676216125,-0.26398494839668274,1.5563530921936035,-0.1765032559633255,-0.23756800591945648,-0.9314177632331848,0.6082956194877625,2.0076372623443604,-0.12530887126922607,0.3868851661682129,-0.3685360848903656,2.382223129272461,-1.0404995679855347,-0.4909316301345825,0.7201305031776428,-1.936069369316101,-0.02380520850419998,-3.100071907043457,-0.6499746441841125,-1.3108338117599487,1.0504767894744873,1.863016963005066,-0.006260161753743887,-0.671255350112915,2.370169162750244,-0.9430131912231445,1.2816503047943115,-1.6932258605957031,-0.15202009677886963,-1.3861109018325806,0.873432457447052,-0.6957038044929504,-0.11399062722921371,0.6303692,0.6251157
58,-5.5560760498046875,1.9982683658599854,-0.5234435796737671,4.238988876342773,-7.311347007751465,6.9995951652526855,2.5565760135650635,-1.092800259590149,-0.36059847474098206,-3.099947690963745,2.6531293392181396,-2.052173137664795,2.733001708984375,-0.7211484313011169,-0.6329195499420166,-1.2789952754974365,1.8464595079421997,-3.9382433891296387,-4.735893249511719,3.3816988468170166,-0.6994368433952332,4.650545597076416,-5.427451133728027,4.081820011138916,4.89888334274292,-3.9242281913757324,-0.15919546782970428,-4.579054832458496,2.605198621749878,-6.988242149353027,4.73427152633667,1.479298710823059,-0.2515373229980469,-2.8722083568573,1.4313358068466187,-5.359081268310547,1.3564013242721558,-2.0580365657806396,-0.458590030670166,0.005470357369631529,0.08959778398275375,-5.387726306915283,2.090557336807251,-3.4246044158935547,-0.6255754232406616,-2.938122510910034,1.0131951570510864,-2.7818398475646973,-2.884671926498413,-1.6233772039413452,-0.41249552369117737,4.258429527282715,-5.747775554656982,-1.0242094993591309,2.3009796142578125,2.7691314220428467,-0.5554266571998596,-3.062431812286377,-0.5205396413803101,0.4539361894130707,4.940635681152344,-1.8986499309539795,-0.32418158650398254,-9.564894676208496,4.861962795257568,-3.164626121520996,-1.3566125631332397,2.3029253482818604,-0.5124632716178894,-0.07638604193925858,-2.545180320739746,5.8695454597473145,-5.550500869750977,2.7128117084503174,-0.3779703676700592,5.804725646972656,-6.196218013763428,6.652073383331299,3.457070827484131,-1.6548267602920532,-0.6489935517311096,-3.8537673950195312,1.0676946640014648,-1.0174181461334229,3.0490145683288574,2.7340638637542725,-0.46272993087768555,-5.642123222351074,3.6142818927764893,-5.54840612411499,2.4312098026275635,-0.031242547556757927,-0.12282434105873108,-0.31898733973503113,1.4579590559005737,-3.382476329803467,0.4553920328617096,0.702285885810852,0.3179524838924408,0.6507823467254639,0.0523965023458004,0.8986585736274719,-0.22713179886341095,0.7539973258972168,-0.24886710941791534,1.1535073518753052,-1.3488681316375732,-0.9280444979667664,2.3281846046447754,0.39285802841186523,-0.11074057221412659,1.9930307865142822,0.746884286403656,-0.4441607892513275,2.4502644538879395,3.664517641067505,0.25515738129615784,-1.476177453994751,2.235381841659546,-2.9293699264526367,-2.6619155406951904,0.7220526337623596,-0.13027498126029968,1.0319565534591675,-0.9231022000312805,3.9325573444366455,5.808139801025391,-7.011754512786865,-0.2823840081691742,-0.5284448266029358,3.7700862884521484,-8.174476623535156,-5.510303974151611,0.41995593905448914,-0.32142186164855957,1.3894585371017456,-1.6286424398422241,3.693835735321045,-1.2425416707992554,2.4181177616119385,-0.44712063670158386,0.41920778155326843,-1.284853219985962,2.858250856399536,6.199385166168213,-2.2346227169036865,-0.24446913599967957,-6.726471424102783,1.0994664430618286,-2.8763184547424316,-7.995970726013184,3.7944724559783936,-0.455173522233963,3.2069756984710693,-2.9138238430023193,6.703752517700195,-4.763158798217773,0.4108506441116333,-0.22467970848083496,4.945842742919922,-2.543198823928833,0.8914386630058289,-2.1923365592956543,-1.2783339023590088,-0.3650111258029938,1.688965082168579,-3.968630790710449,1.2619365453720093,-5.068118572235107,-0.961735725402832,-0.7870535850524902,2.981635808944702,-2.8618268966674805,1.6478197574615479,4.106232643127441,-3.5647530555725098,-0.5685708522796631,-2.172032356262207,-1.9608434438705444,-1.265703558921814,0.023889418691396713,-1.0481443405151367,-0.2946770489215851,-0.4360610544681549,1.1834547519683838,1.3965989351272583,-8.141616821289062,0.03632698208093643,-0.5834635496139526,2.950183868408203,-1.886297345161438,8.12946891784668,1.1639432907104492,-2.104914903640747,-0.5653882622718811,-3.241284132003784,4.059352397918701,0.07360731810331345,5.026813507080078,-5.7032904624938965,-0.30135059356689453,-2.5799002647399902,6.25591516494751,-8.002470970153809,-5.3070220947265625,2.597254514694214,-0.4749080240726471,3.07136869430542,0.7924802899360657,0.719724714756012,-4.534043788909912,5.12285041809082,0.010289332829415798,2.310429573059082,-3.718848705291748,5.010013103485107,-2.297647714614868,-0.8581687808036804,-0.18493731319904327,2.227980136871338,0.2487095445394516,2.474456787109375,1.1292296648025513,-0.07538247108459473,0.34097039699554443,-0.1639762967824936,0.6928284168243408,0.5683010220527649,-1.4748687744140625,-0.8840799927711487,-0.1732119768857956,1.5538147687911987,-0.7870076298713684,-0.25827106833457947,1.5748518705368042,-0.1952907145023346,-0.23749315738677979,-0.9572739601135254,0.6105731129646301,2.056079149246216,-0.1049453616142273,0.39388540387153625,-0.3690228760242462,2.416112184524536,-1.0711230039596558,-0.5197048783302307,0.7257574796676636,-1.9520111083984375,-0.02362092211842537,-3.1166696548461914,-0.6682772040367126,-1.3077220916748047,1.0406147241592407,1.8680293560028076,-0.007583521772176027,-0.6753532886505127,2.3875668048858643,-0.9428602457046509,1.282456636428833,-1.689682126045227,-0.1551057994365692,-1.3917052745819092,0.8637874126434326,-0.6949560642242432,-0.11043989658355713,0.6304689,0.6251157
59,-5.570355415344238,1.9972872734069824,-0.5238996148109436,4.224494457244873,-7.402977466583252,7.046195030212402,2.570173501968384,-1.1043171882629395,-0.36071014404296875,-3.095844268798828,2.6663146018981934,-2.0697240829467773,2.7326772212982178,-0.7181240320205688,-0.6330933570861816,-1.2624279260635376,1.9060173034667969,-3.965686798095703,-4.794085502624512,3.3756301403045654,-0.6991743445396423,4.674076557159424,-5.415429592132568,4.109638690948486,4.896482467651367,-3.9796392917633057,-0.15892283618450165,-4.591975688934326,2.6387181282043457,-6.978272438049316,4.773204326629639,1.51838219165802,-0.2520837187767029,-2.870570659637451,1.4121766090393066,-5.409022331237793,1.3517297506332397,-2.0923991203308105,-0.45884087681770325,0.0254387054592371,0.08016306161880493,-5.407693386077881,2.093740224838257,-3.4243648052215576,-0.6271693706512451,-2.944274425506592,1.013795018196106,-2.7821707725524902,-2.8904309272766113,-1.6304988861083984,-0.41434603929519653,4.318674087524414,-5.789333820343018,-1.051858901977539,2.314145803451538,2.7875752449035645,-0.5556150078773499,-3.0583152770996094,-0.5403967499732971,0.43800848722457886,4.954416751861572,-1.8778342008590698,-0.3251889944076538,-9.631952285766602,4.885560035705566,-3.159641981124878,-1.3574647903442383,2.287031650543213,-0.5126875638961792,-0.11431172490119934,-2.571460008621216,5.94819450378418,-5.564918518066406,2.7092530727386475,-0.378433495759964,5.823786735534668,-6.24467658996582,6.670247554779053,3.4659652709960938,-1.663657546043396,-0.6496368646621704,-3.8709352016448975,1.0664383172988892,-1.027553915977478,3.045304536819458,2.80450439453125,-0.46344897150993347,-5.685436248779297,3.670706272125244,-5.5605010986328125,2.4742984771728516,0.00905498955398798,-0.12483726441860199,-0.2911148965358734,1.4168263673782349,-3.4430716037750244,0.4619719386100769,0.7130988240242004,0.3179900348186493,0.6550512909889221,0.060057807713747025,0.9089533090591431,-0.23088400065898895,0.7433317303657532,-0.24918074905872345,1.1999269723892212,-1.348829746246338,-0.9598742127418518,2.3526816368103027,0.3920455276966095,-0.11130674928426743,2.0243074893951416,0.7148948311805725,-0.47800764441490173,2.471679210662842,3.7478768825531006,0.25503969192504883,-1.5111284255981445,2.250019073486328,-2.957280397415161,-2.6475841999053955,0.7175953984260559,-0.1305733472108841,1.0033349990844727,-0.9317232966423035,4.014585971832275,5.845396041870117,-7.079497814178467,-0.2826702892780304,-0.5072647333145142,3.7795450687408447,-8.213826179504395,-5.543381690979004,0.4110662341117859,-0.32227662205696106,1.3733850717544556,-1.6089950799942017,3.7242541313171387,-1.2586231231689453,2.419888734817505,-0.4481285810470581,0.4350508749485016,-1.265450119972229,2.865959882736206,6.248215675354004,-2.2267308235168457,-0.24596145749092102,-6.802231788635254,1.0671627521514893,-2.8455543518066406,-8.041114807128906,3.77048921585083,-0.4558273255825043,3.2036242485046387,-2.8809399604797363,6.766375541687012,-4.7574639320373535,0.40454304218292236,-0.2254619151353836,4.976167678833008,-2.5787057876586914,0.8884369134902954,-2.2106056213378906,-1.320447564125061,-0.3644258975982666,1.7079370021820068,-4.00324010848999,1.2550958395004272,-5.0994791984558105,-0.9443342089653015,-0.7874576449394226,2.992485761642456,-2.8358566761016846,1.6418029069900513,4.138303756713867,-3.569178819656372,-0.5690382122993469,-2.16579532623291,-2.025752305984497,-1.2960933446884155,0.024788731709122658,-1.0213972330093384,-0.2951695919036865,-0.4553999900817871,1.1831214427947998,1.3927322626113892,-8.197063446044922,0.025576788932085037,-0.5837202668190002,2.9677720069885254,-1.8337980508804321,8.153738021850586,1.192619800567627,-2.0967893600463867,-0.5669573545455933,-3.32108998298645,4.038000583648682,0.10827196389436722,5.051535606384277,-5.736147880554199,-0.30258333683013916,-2.577171802520752,6.291348934173584,-8.02895450592041,-5.316540718078613,2.6367604732513428,-0.47551414370536804,3.126260995864868,0.8121228814125061,0.675173819065094,-4.562446117401123,5.176598072052002,0.010605020448565483,2.321892023086548,-3.6896073818206787,5.020932674407959,-2.3240723609924316,-0.8738913536071777,-0.18479646742343903,2.194779634475708,0.2637660801410675,2.5210554599761963,1.139723777770996,-0.0852031260728836,0.3408386707305908,-0.16339313983917236,0.699006974697113,0.573655903339386,-1.4865570068359375,-0.8832012414932251,-0.1739044338464737,1.5547717809677124,-0.7937149405479431,-0.2516592741012573,1.5932492017745972,-0.21476072072982788,-0.23741064965724945,-0.9828180074691772,0.6127922534942627,2.1045358180999756,-0.08488696068525314,0.400178998708725,-0.3695068955421448,2.448716163635254,-1.102530837059021,-0.5478094220161438,0.730914831161499,-1.9673449993133545,-0.023429200053215027,-3.132812023162842,-0.6859011054039001,-1.304019570350647,1.0306731462478638,1.8717595338821411,-0.00886692013591528,-0.6794090270996094,2.4043970108032227,-0.9424379467964172,1.2832807302474976,-1.6863268613815308,-0.15819311141967773,-1.3969990015029907,0.8544765114784241,-0.6942490935325623,-0.10707495361566544,0.6305188,0.6251157
60,-5.584625244140625,1.9968700408935547,-0.5243446230888367,4.209057807922363,-7.495032787322998,7.092509746551514,2.5837273597717285,-1.116091012954712,-0.36080870032310486,-3.092149257659912,2.6788811683654785,-2.0865516662597656,2.732241630554199,-0.7143108248710632,-0.6332422494888306,-1.2459274530410767,1.9647213220596313,-3.9930858612060547,-4.852061748504639,3.3699634075164795,-0.6988942623138428,4.697088718414307,-5.4024858474731445,4.136530876159668,4.893950939178467,-4.0351057052612305,-0.1586221158504486,-4.605007648468018,2.6720123291015625,-6.968338966369629,4.8117804527282715,1.5557739734649658,-0.2526024878025055,-2.866703748703003,1.392795205116272,-5.459585666656494,1.3475079536437988,-2.1276519298553467,-0.45908793807029724,0.04411758854985237,0.06934528052806854,-5.425973415374756,2.096853017807007,-3.4235270023345947,-0.6287621855735779,-2.951634645462036,1.0141409635543823,-2.781656503677368,-2.8961143493652344,-1.6367771625518799,-0.4162035286426544,4.3771138191223145,-5.830170154571533,-1.0787444114685059,2.3263797760009766,2.8053479194641113,-0.5557841658592224,-3.0530738830566406,-0.5595142245292664,0.4219478666782379,4.968233585357666,-1.8569856882095337,-0.32618850469589233,-9.697731971740723,4.908920764923096,-3.154578685760498,-1.3592427968978882,2.2695608139038086,-0.5128952860832214,-0.15077047049999237,-2.5972893238067627,6.025516033172607,-5.578758716583252,2.706664800643921,-0.3788808584213257,5.843051910400391,-6.292613983154297,6.687227725982666,3.4742398262023926,-1.6716465950012207,-0.6502702236175537,-3.8870418071746826,1.0657888650894165,-1.0380253791809082,3.041083335876465,2.872887372970581,-0.4641752541065216,-5.728692531585693,3.727431535720825,-5.571184158325195,2.517893075942993,0.0499572679400444,-0.1268533170223236,-0.2639942765235901,1.3743096590042114,-3.503258466720581,0.46867138147354126,0.7238014936447144,0.31802818179130554,0.6592292785644531,0.06787189841270447,0.919267475605011,-0.23527579009532928,0.7319635152816772,-0.24949347972869873,1.2458292245864868,-1.3480205535888672,-0.9914005398750305,2.377322196960449,0.3906112611293793,-0.11187749356031418,2.0552713871002197,0.6823381185531616,-0.5118982791900635,2.493511915206909,3.829735517501831,0.25492334365844727,-1.5463740825653076,2.2635767459869385,-2.984400987625122,-2.6324429512023926,0.7130283117294312,-0.13087652623653412,0.9742615818977356,-0.9401664137840271,4.09634256362915,5.882330894470215,-7.146063327789307,-0.2829425036907196,-0.48673874139785767,3.788381576538086,-8.25243854522705,-5.575471878051758,0.40245285630226135,-0.3231181204319,1.3580604791641235,-1.5890660285949707,3.754164218902588,-1.2752394676208496,2.421506881713867,-0.4491339921951294,0.4514538049697876,-1.2445647716522217,2.873086452484131,6.2962117195129395,-2.218867063522339,-0.2474481761455536,-6.877167224884033,1.0345442295074463,-2.814629316329956,-8.085890769958496,3.746330976486206,-0.4564734697341919,3.2003941535949707,-2.84798264503479,6.827866077423096,-4.751332759857178,0.3981695771217346,-0.22623570263385773,5.005849838256836,-2.6138296127319336,0.8860725164413452,-2.2291736602783203,-1.3627647161483765,-0.3638153374195099,1.727064847946167,-4.037283420562744,1.2484660148620605,-5.130521774291992,-0.9261548519134521,-0.7878361344337463,3.003178834915161,-2.80911922454834,1.6355547904968262,4.1695075035095215,-3.57283353805542,-0.5694776773452759,-2.159637212753296,-2.090008497238159,-1.3268166780471802,0.026629989966750145,-0.9942294359207153,-0.2956485152244568,-0.47486671805381775,1.1816493272781372,1.3891206979751587,-8.251934051513672,0.016085585579276085,-0.5839555263519287,2.986304759979248,-1.7804235219955444,8.176576614379883,1.2214258909225464,-2.0882766246795654,-0.56852126121521,-3.4004976749420166,4.015500545501709,0.14277958869934082,5.07644510269165,-5.768327236175537,-0.30380406975746155,-2.575117826461792,6.3265180587768555,-8.054924011230469,-5.325019359588623,2.67580246925354,-0.47610944509506226,3.1807990074157715,0.8307223320007324,0.630656898021698,-4.591373443603516,5.229321479797363,0.01093271840363741,2.334359645843506,-3.658705949783325,5.031006336212158,-2.3497557640075684,-0.889115571975708,-0.18463502824306488,2.161586046218872,0.27802574634552,2.5668160915374756,1.1501109600067139,-0.09499683231115341,0.3407069742679596,-0.16279718279838562,0.7050766348838806,0.5790373682975769,-1.4979654550552368,-0.8820459842681885,-0.17459736764431,1.5541400909423828,-0.8002837896347046,-0.24420304596424103,1.6115168333053589,-0.23487588763237,-0.23731975257396698,-1.008042573928833,0.6149618029594421,2.1529226303100586,-0.06514541059732437,0.4057699143886566,-0.36999064683914185,2.480032444000244,-1.134718418121338,-0.5752398371696472,0.7356006503105164,-1.982121229171753,-0.02323014661669731,-3.1484973430633545,-0.7028083205223083,-1.2997409105300903,1.0206890106201172,1.8742709159851074,-0.010109858587384224,-0.6834231615066528,2.420762300491333,-0.9417437314987183,1.2841012477874756,-1.683128833770752,-0.16129730641841888,-1.4020074605941772,0.8454840183258057,-0.6935634016990662,-0.10390845686197281,0.6304191,0.62634987
61,-5.598964691162109,1.9969803094863892,-0.5247881412506104,4.192766189575195,-7.5875563621521,7.138519287109375,2.597273588180542,-1.1280969381332397,-0.3608957827091217,-3.088876724243164,2.6908113956451416,-2.1027095317840576,2.7317848205566406,-0.7097153067588806,-0.6333868503570557,-1.229499101638794,2.022348165512085,-4.020465850830078,-4.909759044647217,3.364765167236328,-0.6986000537872314,4.719627857208252,-5.388754367828369,4.162452220916748,4.891441822052002,-4.090667247772217,-0.158294215798378,-4.618253231048584,2.7049190998077393,-6.958394527435303,4.849967956542969,1.5915369987487793,-0.2530963718891144,-2.8606770038604736,1.3732444047927856,-5.5107197761535645,1.3437660932540894,-2.1637468338012695,-0.4593311846256256,0.061552099883556366,0.057095807045698166,-5.442659378051758,2.0998854637145996,-3.422027587890625,-0.6303613781929016,-2.9601330757141113,1.0142455101013184,-2.780365467071533,-2.9017510414123535,-1.6422697305679321,-0.4180619418621063,4.4338250160217285,-5.870248794555664,-1.104878306388855,2.3377041816711426,2.822462558746338,-0.5559306740760803,-3.046781301498413,-0.5777752995491028,0.40579327940940857,4.982062816619873,-1.8361318111419678,-0.3271772861480713,-9.762267112731934,4.932186603546143,-3.1493639945983887,-1.3619552850723267,2.2505881786346436,-0.5130780935287476,-0.18580956757068634,-2.6225807666778564,6.101573467254639,-5.592145919799805,2.7049577236175537,-0.37931129336357117,5.862514495849609,-6.33994722366333,6.703127861022949,3.4819207191467285,-1.6788040399551392,-0.6508862376213074,-3.902146339416504,1.0657840967178345,-1.0488163232803345,3.0363948345184326,2.9392876625061035,-0.4649084210395813,-5.771987438201904,3.784374237060547,-5.5805583000183105,2.5619146823883057,0.09139101952314377,-0.1288720667362213,-0.23761191964149475,1.3305718898773193,-3.563004493713379,0.47548994421958923,0.7343946695327759,0.3180653750896454,0.663322925567627,0.0758403018116951,0.9296000599861145,-0.24028901755809784,0.7199052572250366,-0.2498062700033188,1.2912079095840454,-1.3465193510055542,-1.0226049423217773,2.4020984172821045,0.38856241106987,-0.11245443671941757,2.0859694480895996,0.6493722796440125,-0.5458029508590698,2.5157530307769775,3.9101030826568604,0.25480568408966064,-1.5819278955459595,2.275995969772339,-3.0107109546661377,-2.61657977104187,0.7083596587181091,-0.13118436932563782,0.9448221921920776,-0.948436439037323,4.177735805511475,5.918907642364502,-7.2116193771362305,-0.28319260478019714,-0.4667961001396179,3.796581268310547,-8.290494918823242,-5.606573581695557,0.39412280917167664,-0.32394227385520935,1.3434867858886719,-1.5689334869384766,3.78357195854187,-1.2923309803009033,2.4230339527130127,-0.45013538002967834,0.4683647155761719,-1.222358226776123,2.8796448707580566,6.343351364135742,-2.210994243621826,-0.24893096089363098,-6.95130729675293,1.0015732049942017,-2.7835211753845215,-8.130179405212402,3.722111463546753,-0.4571087956428528,3.1972877979278564,-2.8150458335876465,6.888283729553223,-4.744870662689209,0.39174574613571167,-0.22700142860412598,5.034947872161865,-2.6485836505889893,0.884261429309845,-2.247995376586914,-1.4052883386611938,-0.36318162083625793,1.7463723421096802,-4.070767402648926,1.2420194149017334,-5.161309719085693,-0.9072644710540771,-0.7881933450698853,3.0137550830841064,-2.781726121902466,1.6290429830551147,4.199794769287109,-3.5758392810821533,-0.5698874592781067,-2.1535730361938477,-2.1535685062408447,-1.3578405380249023,0.02942272275686264,-0.9666863679885864,-0.2961135506629944,-0.49441203474998474,1.1790157556533813,1.385816216468811,-8.306000709533691,0.007806103676557541,-0.5841788649559021,3.005713939666748,-1.7262263298034668,8.198037147521973,1.2502940893173218,-2.079360008239746,-0.5700902342796326,-3.4794135093688965,3.9919610023498535,0.1770792007446289,5.101437091827393,-5.79980993270874,-0.30500951409339905,-2.5737740993499756,6.3615217208862305,-8.080301284790039,-5.332568645477295,2.714367151260376,-0.47669658064842224,3.2349648475646973,0.8481995463371277,0.5861755609512329,-4.620891571044922,5.281056880950928,0.011272556148469448,2.347763776779175,-3.626150608062744,5.040165424346924,-2.374709129333496,-0.9038633108139038,-0.1844525933265686,2.128469228744507,0.2914271950721741,2.611736536026001,1.1603883504867554,-0.10476220399141312,0.3405739665031433,-0.1621849238872528,0.7110440135002136,0.5844341516494751,-1.509117841720581,-0.8806464076042175,-0.17529034614562988,1.552091360092163,-0.8066664338111877,-0.2359561175107956,1.6296730041503906,-0.25559234619140625,-0.23721928894519806,-1.0329582691192627,0.6170936226844788,2.2012217044830322,-0.045731447637081146,0.41066184639930725,-0.37047436833381653,2.510129928588867,-1.167701005935669,-0.601988673210144,0.7398083209991455,-1.9963443279266357,-0.023023875430226326,-3.1637439727783203,-0.7189788222312927,-1.2949037551879883,1.0106877088546753,1.8756459951400757,-0.011311882175505161,-0.6874004006385803,2.436768054962158,-0.9407879114151001,1.2849311828613281,-1.680061936378479,-0.16442346572875977,-1.4067349433898926,0.8367966413497925,-0.6928936243057251,-0.10092218965291977,0.6305188,0.62542427
62,-5.613482475280762,1.9975554943084717,-0.5252230167388916,4.175662040710449,-7.680476665496826,7.184189319610596,2.6107592582702637,-1.1402937173843384,-0.36097264289855957,-3.0860354900360107,2.702143430709839,-2.1182332038879395,2.7313733100891113,-0.7043605446815491,-0.6335150599479675,-1.2131850719451904,2.0787155628204346,-4.047959327697754,-4.967047691345215,3.3599979877471924,-0.6982972025871277,4.741698741912842,-5.374368667602539,4.18738317489624,4.888906478881836,-4.146360397338867,-0.15793852508068085,-4.631739616394043,2.737429618835449,-6.948381423950195,4.887821197509766,1.6257535219192505,-0.2535688281059265,-2.852583408355713,1.353621244430542,-5.562406539916992,1.3405407667160034,-2.2007312774658203,-0.45957499742507935,0.07779532670974731,0.0433860681951046,-5.457859039306641,2.102818250656128,-3.4198873043060303,-0.6319658756256104,-2.9697232246398926,1.0141607522964478,-2.778298854827881,-2.907418966293335,-1.6469933986663818,-0.4199267625808716,4.488771438598633,-5.909567832946777,-1.1302846670150757,2.3480889797210693,2.838925838470459,-0.5560630559921265,-3.0394673347473145,-0.5950832366943359,0.389566034078598,4.99589204788208,-1.8152637481689453,-0.3281581997871399,-9.825410842895508,4.955366611480713,-3.144015312194824,-1.3655884265899658,2.230177879333496,-0.5132389068603516,-0.21948067843914032,-2.6473047733306885,6.176344394683838,-5.605006217956543,2.7040603160858154,-0.3797242045402527,5.882203102111816,-6.38664436340332,6.718058109283447,3.4890270233154297,-1.6851074695587158,-0.6514919400215149,-3.9162352085113525,1.066450834274292,-1.059889793395996,3.0313029289245605,3.0037693977355957,-0.4656454026699066,-5.815245151519775,3.8414664268493652,-5.58857536315918,2.6062264442443848,0.13329070806503296,-0.13089099526405334,-0.2119641751050949,1.285759687423706,-3.622319221496582,0.48242446780204773,0.7448689937591553,0.3181013762950897,0.6673442721366882,0.08396404981613159,0.9399443864822388,-0.24591350555419922,0.7071893215179443,-0.2501199245452881,1.336056113243103,-1.3443864583969116,-1.053503394126892,2.4270286560058594,0.3859097957611084,-0.11303531378507614,2.1164493560791016,0.6161704063415527,-0.579711377620697,2.538438320159912,3.9889965057373047,0.2546892762184143,-1.617763638496399,2.2872366905212402,-3.0362496376037598,-2.6000239849090576,0.7035902142524719,-0.1314941942691803,0.9151058793067932,-0.9565036296844482,4.258740425109863,5.9551920890808105,-7.276009559631348,-0.28342705965042114,-0.4474025368690491,3.8040924072265625,-8.327851295471191,-5.636716842651367,0.38610267639160156,-0.3247527480125427,1.3296620845794678,-1.5485589504241943,3.812436819076538,-1.3098511695861816,2.4244120121002197,-0.45113036036491394,0.48573440313339233,-1.1989421844482422,2.88570237159729,6.389632701873779,-2.203127145767212,-0.2504109740257263,-7.024666786193848,0.9682108163833618,-2.7522201538085938,-8.173985481262207,3.6978259086608887,-0.4577365219593048,3.194204330444336,-2.7822625637054443,6.947604179382324,-4.738131999969482,0.3853110373020172,-0.22775936126708984,5.063523292541504,-2.682894468307495,0.8829152584075928,-2.2670888900756836,-1.4480186700820923,-0.3625284433364868,1.7658412456512451,-4.103727340698242,1.2357317209243774,-5.191745281219482,-0.8877076506614685,-0.7885248064994812,3.024198293685913,-2.753833532333374,1.6222466230392456,4.2292160987854,-3.578223705291748,-0.5702674388885498,-2.147575616836548,-2.2163376808166504,-1.3891019821166992,0.03316579386591911,-0.938824474811554,-0.29656580090522766,-0.514020562171936,1.1752735376358032,1.3828266859054565,-8.35934829711914,0.0006936166319064796,-0.5843837857246399,3.025949239730835,-1.6712530851364136,8.21832275390625,1.2791835069656372,-2.0699820518493652,-0.5716677904129028,-3.5577666759490967,3.967496871948242,0.21112778782844543,5.126521110534668,-5.83065938949585,-0.3062022030353546,-2.57306170463562,6.396302223205566,-8.105023384094238,-5.339179039001465,2.7525010108947754,-0.47727707028388977,3.2886738777160645,0.864487886428833,0.5417146682739258,-4.650981426239014,5.331878662109375,0.011624463833868504,2.362051248550415,-3.5919618606567383,5.048408031463623,-2.398940324783325,-0.9181584715843201,-0.18424947559833527,2.0954978466033936,0.30392739176750183,2.655742645263672,1.170563817024231,-0.11449684202671051,0.3404400944709778,-0.16155479848384857,0.7169233560562134,0.589866578578949,-1.519973874092102,-0.8790231943130493,-0.175986185669899,1.5487033128738403,-0.8127939105033875,-0.22698061168193817,1.6476562023162842,-0.27686962485313416,-0.23711197078227997,-1.0575660467147827,0.619217574596405,2.249372959136963,-0.02666020393371582,0.41486039757728577,-0.3709592819213867,2.5390167236328125,-1.2014868259429932,-0.6280554533004761,0.7435426712036133,-2.0100693702697754,-0.02281041257083416,-3.1785664558410645,-0.7343968152999878,-1.2895435094833374,1.0006959438323975,1.8759475946426392,-0.012472412548959255,-0.6913466453552246,2.4524590969085693,-0.9395989179611206,1.2857511043548584,-1.6771066188812256,-0.16758280992507935,-1.4112002849578857,0.8284052610397339,-0.6922287940979004,-0.09810891002416611,0.6306185,0.6251157
63,-5.628139972686768,1.9985588788986206,-0.5256502628326416,4.157822608947754,-7.773727893829346,7.229484558105469,2.624148368835449,-1.1526837348937988,-0.36103153228759766,-3.083627462387085,2.7128803730010986,-2.133129596710205,2.7311015129089355,-0.6982864141464233,-0.6336328983306885,-1.197019100189209,2.1335880756378174,-4.075397491455078,-5.02376651763916,3.3557333946228027,-0.6979638934135437,4.763306617736816,-5.359399795532227,4.211404323577881,4.886433124542236,-4.2020955085754395,-0.157557874917984,-4.645519256591797,2.7694623470306396,-6.938238620758057,4.925260066986084,1.6585094928741455,-0.2540144622325897,-2.842522621154785,1.3339709043502808,-5.614646911621094,1.3378762006759644,-2.2385337352752686,-0.45981839299201965,0.09290042519569397,0.028198225423693657,-5.471679210662842,2.1056647300720215,-3.4171104431152344,-0.6335651874542236,-2.980351448059082,1.0138968229293823,-2.7755045890808105,-2.9131054878234863,-1.6509894132614136,-0.4217998683452606,4.542121410369873,-5.948073387145996,-1.1549562215805054,2.3575921058654785,2.8547399044036865,-0.5561715364456177,-3.0312085151672363,-0.6113223433494568,0.37330362200737,5.0097246170043945,-1.7944203615188599,-0.32912805676460266,-9.887380599975586,4.978434085845947,-3.1384389400482178,-1.3701635599136353,2.2083864212036133,-0.5133719444274902,-0.25182610750198364,-2.6713709831237793,6.249872207641602,-5.61754846572876,2.7038867473602295,-0.38012680411338806,5.902097702026367,-6.432562828063965,6.732062816619873,3.495570421218872,-1.6905896663665771,-0.6520715355873108,-3.929354667663574,1.0678128004074097,-1.0712348222732544,3.025822877883911,3.0664520263671875,-0.4663890302181244,-5.858487129211426,3.898648977279663,-5.595395088195801,2.6507792472839355,0.1755843311548233,-0.13291168212890625,-0.18702977895736694,1.2400234937667847,-3.681147575378418,0.48948314785957336,0.7552449703216553,0.3181362748146057,0.6713040471076965,0.09224153310060501,0.9503058195114136,-0.25213104486465454,0.6938400268554688,-0.2504350244998932,1.3803935050964355,-1.3416720628738403,-1.0840812921524048,2.45209002494812,0.38267284631729126,-0.11362094432115555,2.1467249393463135,0.5828917026519775,-0.6135976314544678,2.561547040939331,4.066457271575928,0.25457343459129333,-1.6538596153259277,2.2973146438598633,-3.061023235321045,-2.5828096866607666,0.6987143158912659,-0.13180875778198242,0.8851826190948486,-0.9643634557723999,4.33929443359375,5.991053581237793,-7.339420795440674,-0.2836456298828125,-0.4285077750682831,3.810962200164795,-8.364768981933594,-5.665877819061279,0.37839871644973755,-0.3255511224269867,1.3165870904922485,-1.5279655456542969,3.840773820877075,-1.3277403116226196,2.425697088241577,-0.4521207809448242,0.5035079717636108,-1.1744792461395264,2.891221761703491,6.435091972351074,-2.195283889770508,-0.25188684463500977,-7.09728479385376,0.9344207048416138,-2.720780849456787,-8.217157363891602,3.6735377311706543,-0.4583558440208435,3.1911277770996094,-2.749729871749878,7.005897045135498,-4.7311835289001465,0.3788817822933197,-0.22851185500621796,5.091651916503906,-2.716790199279785,0.8819666504859924,-2.2863850593566895,-1.4909242391586304,-0.3618524372577667,1.7854878902435303,-4.136053562164307,1.2295877933502197,-5.221829414367676,-0.8675300478935242,-0.7888350486755371,3.0345122814178467,-2.7255332469940186,1.6151654720306396,4.257676601409912,-3.5800671577453613,-0.5706219673156738,-2.141622304916382,-2.2782950401306152,-1.4205622673034668,0.03785213455557823,-0.9107006192207336,-0.2970045208930969,-0.5336593985557556,1.170410394668579,1.380189299583435,-8.412025451660156,-0.005298420321196318,-0.5845668315887451,3.0469677448272705,-1.6155474185943604,8.237339973449707,1.3080099821090698,-2.0601511001586914,-0.5732437968254089,-3.635467052459717,3.9421539306640625,0.2448917031288147,5.151715278625488,-5.860898017883301,-0.30738896131515503,-2.5729715824127197,6.430832386016846,-8.129071235656738,-5.344929218292236,2.7902040481567383,-0.4778461754322052,3.3418827056884766,0.8795298337936401,0.4972938299179077,-4.6816277503967285,5.381863117218018,0.011988503858447075,2.377185821533203,-3.5562448501586914,5.055756092071533,-2.422391176223755,-0.9320186972618103,-0.1840246468782425,2.062753677368164,0.31547629833221436,2.6988465785980225,1.1806360483169556,-0.12419731169939041,0.34030595421791077,-0.16090703010559082,0.722720205783844,0.5953264832496643,-1.530526041984558,-0.8772177696228027,-0.17668436467647552,1.5440750122070312,-0.8186163902282715,-0.21731489896774292,1.665471076965332,-0.29866987466812134,-0.23699623346328735,-1.0818852186203003,0.6213650107383728,2.297356367111206,-0.007943845354020596,0.4183828830718994,-0.37144216895103455,2.566765546798706,-1.2360799312591553,-0.6534399390220642,0.7467907071113586,-2.0233142375946045,-0.022589797154068947,-3.1929824352264404,-0.7490447163581848,-1.2836647033691406,0.9907296299934387,1.8752453327178955,-0.013590476475656033,-0.6952881217002869,2.4679291248321533,-0.9381617307662964,1.2865656614303589,-1.6742414236068726,-0.17078395187854767,-1.4153993129730225,0.8202973008155823,-0.6915701031684875,-0.09545807540416718,0.63074315,0.62542427
64,-5.64300012588501,1.999947190284729,-0.5260751843452454,4.139382839202881,-7.867068767547607,7.2743706703186035,2.6374940872192383,-1.1652249097824097,-0.36108189821243286,-3.08158802986145,2.723050832748413,-2.14744234085083,2.7310445308685303,-0.6915143132209778,-0.6337356567382812,-1.1809993982315063,2.186856508255005,-4.10292911529541,-5.079957485198975,3.3518784046173096,-0.6976182460784912,4.784477710723877,-5.344113826751709,4.234460830688477,4.884002208709717,-4.257978439331055,-0.15714788436889648,-4.6596808433532715,2.800922393798828,-6.928019046783447,4.962284088134766,1.6898846626281738,-0.25443387031555176,-2.8305788040161133,1.3143553733825684,-5.667414665222168,1.3357651233673096,-2.277153253555298,-0.46005773544311523,0.1069301962852478,0.011518972925841808,-5.48419189453125,2.1084494590759277,-3.4137489795684814,-0.6351662278175354,-2.991978883743286,1.0134990215301514,-2.772024154663086,-2.9188334941864014,-1.654269814491272,-0.4236769378185272,4.59376859664917,-5.985675811767578,-1.1789289712905884,2.366215944290161,2.869936466217041,-0.5562514662742615,-3.0220327377319336,-0.6264052987098694,0.3570272922515869,5.023597717285156,-1.77360999584198,-0.33009073138237,-9.948068618774414,5.001518726348877,-3.132617950439453,-1.375651478767395,2.185255289077759,-0.5134766101837158,-0.2828967571258545,-2.694704055786133,6.322239875793457,-5.629726886749268,2.7044034004211426,-0.38050898909568787,5.922119140625,-6.4777069091796875,6.745200157165527,3.501563787460327,-1.6952418088912964,-0.6526422500610352,-3.941561222076416,1.0698925256729126,-1.0828262567520142,3.0200066566467285,3.127439260482788,-0.46713805198669434,-5.901730060577393,3.95589280128479,-5.6010661125183105,2.695439100265503,0.21821258962154388,-0.13493412733078003,-0.1627809852361679,1.193514347076416,-3.73954439163208,0.49667292833328247,0.7655161023139954,0.3181714415550232,0.675203263759613,0.10067196935415268,0.9606844186782837,-0.2589247226715088,0.679891049861908,-0.2507440447807312,1.424228549003601,-1.3384597301483154,-1.1143591403961182,2.4772088527679443,0.3788798451423645,-0.11421221494674683,2.1768476963043213,0.5496885180473328,-0.6474530696868896,2.5850989818573,4.142517566680908,0.25445568561553955,-1.6901865005493164,2.306175947189331,-3.0849719047546387,-2.5649898052215576,0.6937508583068848,-0.1321266144514084,0.8551177978515625,-0.9720251560211182,4.419321537017822,6.026550769805908,-7.401800155639648,-0.28384608030319214,-0.4100642204284668,3.817145586013794,-8.40107536315918,-5.694159030914307,0.3710344731807709,-0.3263387382030487,1.3042534589767456,-1.5071747303009033,3.8685386180877686,-1.3459521532058716,2.426942825317383,-0.45311295986175537,0.5216439962387085,-1.149112343788147,2.8962788581848145,6.479800224304199,-2.187420606613159,-0.2533566653728485,-7.169170379638672,0.9001637697219849,-2.6892387866973877,-8.259811401367188,3.6492269039154053,-0.4589639902114868,3.188025951385498,-2.717583417892456,7.0631327629089355,-4.724079608917236,0.37248170375823975,-0.2292550653219223,5.11932897567749,-2.7501962184906006,0.8813447952270508,-2.3059024810791016,-1.5340207815170288,-0.3611477017402649,1.8053083419799805,-4.167716026306152,1.2235697507858276,-5.251482009887695,-0.8467884063720703,-0.7891240119934082,3.0447044372558594,-2.696974992752075,1.6078016757965088,4.28515625,-3.581442356109619,-0.5709410309791565,-2.135728120803833,-2.3393514156341553,-1.4521583318710327,0.04348033294081688,-0.882359504699707,-0.29742759466171265,-0.5533030033111572,1.1644352674484253,1.3779003620147705,-8.463994979858398,-0.010219372808933258,-0.5847277641296387,3.0687105655670166,-1.5591944456100464,8.255376815795898,1.3367682695388794,-2.049837350845337,-0.5748226046562195,-3.7123968601226807,3.916011333465576,0.2783318758010864,5.176904201507568,-5.89051628112793,-0.30856776237487793,-2.5734829902648926,6.465123176574707,-8.152453422546387,-5.3498101234436035,2.8275277614593506,-0.4784083366394043,3.3945841789245605,0.8932653069496155,0.4529257118701935,-4.71274995803833,5.43106746673584,0.012364748865365982,2.3931047916412354,-3.5190067291259766,5.062230587005615,-2.445051908493042,-0.9454706311225891,-0.18377898633480072,2.030296564102173,0.32602664828300476,2.741037130355835,1.1906155347824097,-0.13386228680610657,0.34017214179039,-0.1602395921945572,0.7284319996833801,0.6008226871490479,-1.5407911539077759,-0.8752482533454895,-0.17738308012485504,1.5383318662643433,-0.8240758776664734,-0.20700785517692566,1.6830987930297852,-0.32095322012901306,-0.23687241971492767,-1.105913519859314,0.6235560178756714,2.345126152038574,0.010407962836325169,0.42123591899871826,-0.37192222476005554,2.5933687686920166,-1.2714567184448242,-0.6781439185142517,0.7495792508125305,-2.0360910892486572,-0.02236209064722061,-3.207012891769409,-0.7629109621047974,-1.27731454372406,0.9808446168899536,1.8735955953598022,-0.014665338210761547,-0.6991994976997375,2.4832561016082764,-0.9364936947822571,1.2873656749725342,-1.6714601516723633,-0.1740342080593109,-1.419351577758789,0.8124608993530273,-0.6909022331237793,-0.09296588599681854,0.63074315,0.62604135
65,-5.658083915710449,2.0016565322875977,-0.5264891386032104,4.1204609870910645,-7.960677623748779,7.3187994956970215,2.650728225708008,-1.177901029586792,-0.3611173629760742,-3.079857110977173,2.732694625854492,-2.1612143516540527,2.7312726974487305,-0.6840676069259644,-0.6338301301002502,-1.165151834487915,2.2383387088775635,-4.1304426193237305,-5.135451316833496,3.3484716415405273,-0.6972629427909851,4.805168628692627,-5.328505992889404,4.2565155029296875,4.8817009925842285,-4.313978672027588,-0.15671119093894958,-4.674259662628174,2.831770658493042,-6.917497634887695,4.9989333152771,1.7199310064315796,-0.2548307180404663,-2.8168234825134277,1.29484224319458,-5.720706462860107,1.3342422246932983,-2.316563367843628,-0.460300475358963,0.11994180083274841,-0.006636185105890036,-5.495544910430908,2.1111490726470947,-3.4097466468811035,-0.6367759108543396,-3.0045666694641113,1.0130033493041992,-2.7678635120391846,-2.9246482849121094,-1.6568787097930908,-0.4255593419075012,4.643810749053955,-6.022336959838867,-1.2022180557250977,2.373960494995117,2.884512424468994,-0.5563191771507263,-3.0120179653167725,-0.640266478061676,0.3407488167285919,5.037467956542969,-1.7528539896011353,-0.33104315400123596,-10.0076322555542,5.024583339691162,-3.126532554626465,-1.3820213079452515,2.1608333587646484,-0.5135560631752014,-0.31274324655532837,-2.7172462940216064,6.3934807777404785,-5.641638278961182,2.705575942993164,-0.38087591528892517,5.942276477813721,-6.522033214569092,6.757571220397949,3.5070760250091553,-1.6990667581558228,-0.6532016396522522,-3.9528965950012207,1.0727100372314453,-1.0946329832077026,3.0138638019561768,3.18680477142334,-0.4678955376148224,-5.94488525390625,4.013164520263672,-5.605584621429443,2.7401351928710938,0.26111307740211487,-0.13695724308490753,-0.1392010897397995,1.146377682685852,-3.7974677085876465,0.5039947628974915,0.7756885290145874,0.3182072341442108,0.6790562868118286,0.10925289988517761,0.9710723161697388,-0.2662726938724518,0.6653577089309692,-0.2510560154914856,1.4675315618515015,-1.3348073959350586,-1.1443445682525635,2.5023398399353027,0.3745552599430084,-0.11480706185102463,2.206892728805542,0.5167244672775269,-0.6812575459480286,2.609105110168457,4.217274188995361,0.25433796644210815,-1.7267546653747559,2.313828229904175,-3.108232259750366,-2.5466606616973877,0.6887128353118896,-0.1324463039636612,0.8249769806861877,-0.9794806241989136,4.49885892868042,6.061567306518555,-7.463175296783447,-0.28403496742248535,-0.3920435607433319,3.8226661682128906,-8.436988830566406,-5.721504211425781,0.3640335500240326,-0.32711008191108704,1.292677640914917,-1.486203670501709,3.895766496658325,-1.3644355535507202,2.428103446960449,-0.45409876108169556,0.5400921106338501,-1.1229761838912964,2.9008569717407227,6.5237603187561035,-2.179582118988037,-0.25482693314552307,-7.2404022216796875,0.8654170632362366,-2.657550096511841,-8.301856994628906,3.6249544620513916,-0.45956629514694214,3.184901475906372,-2.685889959335327,7.119346618652344,-4.716838359832764,0.36613261699676514,-0.22999177873134613,5.146666049957275,-2.783046245574951,0.8809784054756165,-2.325565814971924,-1.577300786972046,-0.36042091250419617,1.8252936601638794,-4.198770999908447,1.2176570892333984,-5.280704498291016,-0.8255140781402588,-0.7893875241279602,3.0547900199890137,-2.6681981086730957,1.6001347303390503,4.311742305755615,-3.5824062824249268,-0.5712288022041321,-2.1298763751983643,-2.399456024169922,-1.4838703870773315,0.05004003643989563,-0.85384202003479,-0.29783564805984497,-0.5729365348815918,1.1573811769485474,1.3759727478027344,-8.515328407287598,-0.01411624439060688,-0.5848844647407532,3.091139078140259,-1.5022169351577759,8.272448539733887,1.3653615713119507,-2.0389814376831055,-0.5764104127883911,-3.788569450378418,3.889190912246704,0.3114260733127594,5.202088832855225,-5.919646263122559,-0.309735506772995,-2.574584722518921,6.49912166595459,-8.175241470336914,-5.35392951965332,2.8644535541534424,-0.4789648652076721,3.446711540222168,0.9056558012962341,0.408611536026001,-4.744348049163818,5.479467391967773,0.012753400020301342,2.409724235534668,-3.480274200439453,5.067772388458252,-2.4670228958129883,-0.9585310816764832,-0.18351241946220398,1.998176097869873,0.3355540931224823,2.782305955886841,1.2004894018173218,-0.14349126815795898,0.34003716707229614,-0.15955518186092377,0.7340722680091858,0.606347918510437,-1.5507440567016602,-0.8731354475021362,-0.1780823916196823,1.531575083732605,-0.8291196823120117,-0.19610117375850677,1.7004958391189575,-0.34367698431015015,-0.23673932254314423,-1.1296666860580444,0.6258299350738525,2.39261794090271,0.028381871059536934,0.42343124747276306,-0.3724038600921631,2.618865489959717,-1.3075878620147705,-0.7021640539169312,0.7519031167030334,-2.04842209815979,-0.02212698385119438,-3.220693826675415,-0.7759850025177002,-1.2705010175704956,0.971055805683136,1.871048927307129,-0.01569630205631256,-0.7030635476112366,2.4984867572784424,-0.9346014261245728,1.288140058517456,-1.6687589883804321,-0.17734351754188538,-1.423059344291687,0.8048827052116394,-0.6902325749397278,-0.09062248468399048,0.63066834,0.6257328
66,-5.6734161376953125,2.0036630630493164,-0.526898205280304,4.101051330566406,-8.05437183380127,7.362798690795898,2.6638810634613037,-1.190697193145752,-0.36114388704299927,-3.078484058380127,2.7418429851531982,-2.174485445022583,2.7318344116210938,-0.675972580909729,-0.6339102983474731,-1.1494914293289185,2.2879388332366943,-4.15806245803833,-5.190112590789795,3.3455231189727783,-0.6968920826911926,4.825405120849609,-5.312682151794434,4.2777252197265625,4.879588603973389,-4.3700408935546875,-0.15624482929706573,-4.6892547607421875,2.8619515895843506,-6.906720161437988,5.035140037536621,1.748721957206726,-0.2552012801170349,-2.801379919052124,1.2754697799682617,-5.774501323699951,1.3333274126052856,-2.3567748069763184,-0.4605398178100586,0.13199028372764587,-0.026258978992700577,-5.505697727203369,2.1137659549713135,-3.4051380157470703,-0.6383869647979736,-3.018078088760376,1.0124423503875732,-2.7630319595336914,-2.9305193424224854,-1.6588479280471802,-0.4274445176124573,4.692258358001709,-6.058138370513916,-1.2248300313949585,2.3808553218841553,2.8984646797180176,-0.5563562512397766,-3.0011706352233887,-0.6528387665748596,0.32448557019233704,5.051424503326416,-1.7321560382843018,-0.33198779821395874,-10.06594467163086,5.047670841217041,-3.1201374530792236,-1.3892576694488525,2.1351358890533447,-0.51360684633255,-0.3414344787597656,-2.7389895915985107,6.463591575622559,-5.653292179107666,2.7072739601135254,-0.3812260031700134,5.962566375732422,-6.565342903137207,6.769195556640625,3.5120747089385986,-1.702079176902771,-0.6537458300590515,-3.9633796215057373,1.076204776763916,-1.1066713333129883,3.007450580596924,3.24466609954834,-0.4686564803123474,-5.988157749176025,4.0703606605529785,-5.609155178070068,2.784803867340088,0.30422309041023254,-0.13898247480392456,-0.11628345400094986,1.098711371421814,-3.8548974990844727,0.511452317237854,0.7857561111450195,0.3182426393032074,0.6828598380088806,0.11797913908958435,0.9814740419387817,-0.27414757013320923,0.6502588987350464,-0.251366525888443,1.5103161334991455,-1.3307573795318604,-1.1740164756774902,2.5274510383605957,0.3697158694267273,-0.11540538817644119,2.2368555068969727,0.48413148522377014,-0.7149960994720459,2.6335792541503906,4.290721893310547,0.2542226016521454,-1.7635385990142822,2.3203322887420654,-3.130772113800049,-2.5278310775756836,0.68360435962677,-0.13277027010917664,0.7948086261749268,-0.9867345690727234,4.57783317565918,6.096174716949463,-7.523586750030518,-0.28420382738113403,-0.37442901730537415,3.8275065422058105,-8.472357749938965,-5.748027324676514,0.35740599036216736,-0.3278678357601166,1.2818185091018677,-1.4650745391845703,3.922450304031372,-1.3830963373184204,2.4292232990264893,-0.45508426427841187,0.5588197708129883,-1.096238374710083,2.9049952030181885,6.566961765289307,-2.171769380569458,-0.25629734992980957,-7.310917854309082,0.8301342725753784,-2.6257717609405518,-8.34324836730957,3.600739002227783,-0.46016156673431396,3.181778907775879,-2.6547367572784424,7.174564838409424,-4.709470272064209,0.3598385453224182,-0.23072052001953125,5.1736674308776855,-2.815328359603882,0.8808286190032959,-2.3453729152679443,-1.6207633018493652,-0.35967156291007996,1.8454166650772095,-4.229162216186523,1.2118632793426514,-5.309535503387451,-0.8037590384483337,-0.789627730846405,3.0647196769714355,-2.639371156692505,1.5921753644943237,4.337349891662598,-3.5830109119415283,-0.5714902281761169,-2.1240365505218506,-2.4585864543914795,-1.515657663345337,0.057542379945516586,-0.8252027630805969,-0.29823145270347595,-0.5925239324569702,1.1492475271224976,1.3744235038757324,-8.566387176513672,-0.017034141346812248,-0.5850132703781128,3.114215850830078,-1.444687008857727,8.288369178771973,1.3937426805496216,-2.0276029109954834,-0.5779996514320374,-3.8638429641723633,3.8616998195648193,0.3441561162471771,5.22727108001709,-5.948172569274902,-0.31089073419570923,-2.5762317180633545,6.532829761505127,-8.197360038757324,-5.357338905334473,2.901034355163574,-0.4795149862766266,3.49823260307312,0.9166430830955505,0.36437636613845825,-4.776468753814697,5.527163505554199,0.013154599815607071,2.4270172119140625,-3.4401280879974365,5.072465896606445,-2.4882290363311768,-0.9712091684341431,-0.18322624266147614,1.9664071798324585,0.344016969203949,2.8226468563079834,1.2102632522583008,-0.1530819684267044,0.3399016559123993,-0.1588517278432846,0.7396501898765564,0.6119139790534973,-1.560393214225769,-0.8708875179290771,-0.17878177762031555,1.5239028930664062,-0.8336958289146423,-0.1846381425857544,1.7177001237869263,-0.3668079674243927,-0.23659877479076385,-1.153153896331787,0.6282060146331787,2.4398903846740723,0.04597337171435356,0.4249865412712097,-0.37288087606430054,2.6433074474334717,-1.3445159196853638,-0.7254992127418518,0.7537746429443359,-2.0603346824645996,-0.021885022521018982,-3.234027624130249,-0.7882857918739319,-1.263249397277832,0.9614235758781433,1.8676683902740479,-0.016682425513863564,-0.7069025635719299,2.51369571685791,-0.9324579238891602,1.2889025211334229,-1.6661227941513062,-0.18071724474430084,-1.4265376329421997,0.7975764274597168,-0.6895515322685242,-0.08841541409492493,0.63076806,0.6251157
67,-5.689014911651611,2.0059263706207275,-0.5273064970970154,4.081307888031006,-8.148133277893066,7.4063401222229,2.6769025325775146,-1.2035752534866333,-0.36115485429763794,-3.0774383544921875,2.750486373901367,-2.1872527599334717,2.7327687740325928,-0.6672593951225281,-0.6339861750602722,-1.134041428565979,2.3355250358581543,-4.185646057128906,-5.243946075439453,3.342999219894409,-0.6964983344078064,4.845194339752197,-5.296786308288574,4.297918796539307,4.877696514129639,-4.426229476928711,-0.15574990212917328,-4.704707145690918,2.891418933868408,-6.895688533782959,5.070828914642334,1.7763200998306274,-0.25554168224334717,-2.78430438041687,1.256293535232544,-5.828741073608398,1.3330204486846924,-2.3977181911468506,-0.4607834219932556,0.14314061403274536,-0.047316648066043854,-5.514873504638672,2.1163058280944824,-3.3999130725860596,-0.6399908661842346,-3.0323946475982666,1.0118757486343384,-2.7575764656066895,-2.9364984035491943,-1.6601941585540771,-0.42933616042137146,4.7391157150268555,-6.0929388999938965,-1.246804118156433,2.386951446533203,2.91180682182312,-0.5563731789588928,-2.989556074142456,-0.6640742421150208,0.3082386255264282,5.065415859222412,-1.7115503549575806,-0.3329218327999115,-10.123250007629395,5.070773601531982,-3.1134214401245117,-1.397341012954712,2.1082489490509033,-0.5136300325393677,-0.36902230978012085,-2.7598724365234375,6.532616138458252,-5.664822578430176,2.7094714641571045,-0.381557822227478,5.982975482940674,-6.607717037200928,6.780181407928467,3.516618251800537,-1.7042840719223022,-0.6542760133743286,-3.9730489253997803,1.0803865194320679,-1.1189123392105103,3.0007710456848145,3.301079273223877,-0.4694245755672455,-6.031373500823975,4.127469539642334,-5.611713409423828,2.829303741455078,0.3474818170070648,-0.14100827276706696,-0.09400280565023422,1.0506829023361206,-3.911872148513794,0.5190365314483643,0.7957288026809692,0.31827792525291443,0.6866271495819092,0.12684795260429382,0.9918814301490784,-0.2825453579425812,0.6346331238746643,-0.25167641043663025,1.55260169506073,-1.3263546228408813,-1.2033939361572266,2.552485466003418,0.36439380049705505,-0.1160079762339592,2.2667787075042725,0.4520493447780609,-0.7486538290977478,2.658498525619507,4.362905979156494,0.2541052997112274,-1.800529956817627,2.3256330490112305,-3.1525802612304688,-2.5085318088531494,0.6784339547157288,-0.13309764862060547,0.7646690607070923,-0.9938129186630249,4.6563029289245605,6.130367755889893,-7.58303165435791,-0.28435537219047546,-0.3571862578392029,3.831725835800171,-8.507444381713867,-5.773638725280762,0.35116833448410034,-0.3286108672618866,1.2716790437698364,-1.44379723072052,3.948549747467041,-1.4019159078598022,2.430314779281616,-0.4560651183128357,0.577774703502655,-1.069002628326416,2.9087159633636475,6.609476566314697,-2.1639695167541504,-0.25776663422584534,-7.380760669708252,0.7942976355552673,-2.5939037799835205,-8.383955001831055,3.576568603515625,-0.46074753999710083,3.178560733795166,-2.6241838932037354,7.228835105895996,-4.70213508605957,0.3536166250705719,-0.23144051432609558,5.2003607749938965,-2.847012996673584,0.8808332681655884,-2.3652737140655518,-1.6644130945205688,-0.35889872908592224,1.865695595741272,-4.2588791847229,1.2061551809310913,-5.337884902954102,-0.7815601825714111,-0.7898505926132202,3.0745253562927246,-2.6105642318725586,1.5839160680770874,4.362040042877197,-3.5833122730255127,-0.5717238187789917,-2.11820912361145,-2.5166940689086914,-1.5474870204925537,0.06595177948474884,-0.796470046043396,-0.298612505197525,-0.6120497584342957,1.1400649547576904,1.3732548952102661,-8.616632461547852,-0.019024629145860672,-0.5851245522499084,3.1378793716430664,-1.38662850856781,8.30344295501709,1.4218692779541016,-2.0156853199005127,-0.5795888304710388,-3.938232183456421,3.833651542663574,0.37649908661842346,5.2525153160095215,-5.976232051849365,-0.3120415508747101,-2.578388214111328,6.566240310668945,-8.218831062316895,-5.360179424285889,2.9372687339782715,-0.48005691170692444,3.549152374267578,0.9262022972106934,0.32022398710250854,-4.809046268463135,5.57427453994751,0.013568461872637272,2.4448952674865723,-3.3986294269561768,5.076374053955078,-2.5086724758148193,-0.9835172295570374,-0.182917058467865,1.9350337982177734,0.35139942169189453,2.862091302871704,1.2199386358261108,-0.16263233125209808,0.339765727519989,-0.1581297069787979,0.7451645731925964,0.6175203919410706,-1.5697548389434814,-0.8685267567634583,-0.17948277294635773,1.5154081583023071,-0.8377552628517151,-0.17266663908958435,1.734662413597107,-0.3903156518936157,-0.23644839227199554,-1.1763861179351807,0.6307379603385925,2.4868881702423096,0.06317269802093506,0.42591679096221924,-0.37336406111717224,2.666663408279419,-1.3821786642074585,-0.7481687068939209,0.7552018761634827,-2.0718588829040527,-0.021635660901665688,-3.2470266819000244,-0.7998010516166687,-1.2555804252624512,0.9519159197807312,1.863495945930481,-0.017622824758291245,-0.7107071876525879,2.5289316177368164,-0.9300990700721741,1.2896342277526855,-1.6635403633117676,-0.18416084349155426,-1.4297900199890137,0.7904980778694153,-0.6888594031333923,-0.08635330945253372,0.6306933,0.6248072
68,-5.704839706420898,2.0083794593811035,-0.5276973843574524,4.061249256134033,-8.241903305053711,7.449359893798828,2.6897974014282227,-1.2165281772613525,-0.3611533045768738,-3.076658248901367,2.7586982250213623,-2.1995961666107178,2.734156608581543,-0.6579714417457581,-0.6340394616127014,-1.1188112497329712,2.3810486793518066,-4.21329927444458,-5.29691743850708,3.3409218788146973,-0.69609135389328,4.864594459533691,-5.280836582183838,4.3172736167907715,4.876014709472656,-4.48250150680542,-0.15522417426109314,-4.72062873840332,2.920102596282959,-6.884312629699707,5.106085300445557,1.8027610778808594,-0.2558518946170807,-2.7657411098480225,1.2373484373092651,-5.883334636688232,1.3333144187927246,-2.4393954277038574,-0.4610225558280945,0.1534503847360611,-0.06977848708629608,-5.523017406463623,2.1187520027160645,-3.3940951824188232,-0.6416081786155701,-3.0475168228149414,1.0112980604171753,-2.751538038253784,-2.94252872467041,-1.6609619855880737,-0.4312310218811035,4.784502983093262,-6.126804351806641,-1.2681523561477661,2.3922231197357178,2.924560785293579,-0.5563746094703674,-2.9771883487701416,-0.6739334464073181,0.2920078635215759,5.079394817352295,-1.6910418272018433,-0.3338502049446106,-10.179412841796875,5.093994140625,-3.1063883304595947,-1.4062327146530151,2.0801849365234375,-0.5136275887489319,-0.395557701587677,-2.7799105644226074,6.600587368011475,-5.676177024841309,2.7121455669403076,-0.3818714916706085,6.003407955169678,-6.649034023284912,6.790474891662598,3.5207583904266357,-1.7056708335876465,-0.654787540435791,-3.9819605350494385,1.0852512121200562,-1.1313706636428833,2.9938712120056152,3.356135606765747,-0.4701978862285614,-6.0746331214904785,4.18445348739624,-5.613352298736572,2.8736062049865723,0.39083993434906006,-0.14303550124168396,-0.07233378291130066,1.002393126487732,-3.9684088230133057,0.5267544984817505,0.8056073188781738,0.3183124363422394,0.6903640627861023,0.13585203886032104,1.002301812171936,-0.2914279103279114,0.6184864044189453,-0.2519897222518921,1.5943706035614014,-1.3216530084609985,-1.2324937582015991,2.5774271488189697,0.3586137592792511,-0.1166139766573906,2.296720266342163,0.42058712244033813,-0.7822185158729553,2.683852434158325,4.433894634246826,0.25398409366607666,-1.837714433670044,2.3297319412231445,-3.1736810207366943,-2.4888381958007812,0.6732103824615479,-0.13342562317848206,0.734587550163269,-1.0007150173187256,4.734167575836182,6.164092063903809,-7.641496658325195,-0.28449147939682007,-0.34029847383499146,3.8352887630462646,-8.54226303100586,-5.79847526550293,0.34533974528312683,-0.3293423354625702,1.2622663974761963,-1.4223748445510864,3.9740586280822754,-1.4208275079727173,2.4314064979553223,-0.45704618096351624,0.5969198346138,-1.0414170026779175,2.9120075702667236,6.651327610015869,-2.156219482421875,-0.25923383235931396,-7.45003080368042,0.757875919342041,-2.5619750022888184,-8.423978805541992,3.552488088607788,-0.4613230228424072,3.175260305404663,-2.5942351818084717,7.282266139984131,-4.694845199584961,0.34746912121772766,-0.23215238749980927,5.22678279876709,-2.8780410289764404,0.8809276819229126,-2.385240316390991,-1.7082338333129883,-0.3581062853336334,1.8861045837402344,-4.287899971008301,1.2005538940429688,-5.365764141082764,-0.7589619755744934,-0.7900503873825073,3.0841712951660156,-2.5819122791290283,1.5753700733184814,4.385754108428955,-3.5833380222320557,-0.5719164609909058,-2.112424850463867,-2.573759078979492,-1.5793365240097046,0.0752510130405426,-0.7676916122436523,-0.2989875078201294,-0.6314933896064758,1.1298389434814453,1.3724391460418701,-8.666420936584473,-0.0201320368796587,-0.5852198600769043,3.1621005535125732,-1.3280816078186035,8.317705154418945,1.449710488319397,-2.003215789794922,-0.5811884999275208,-4.011609077453613,3.8051249980926514,0.4084223210811615,5.277669906616211,-6.003767967224121,-0.31317827105522156,-2.5810317993164062,6.5993971824646,-8.239398956298828,-5.3623833656311035,2.9731860160827637,-0.48059043288230896,3.5993964672088623,0.9342982769012451,0.2761564552783966,-4.841989994049072,5.620746612548828,0.013995451852679253,2.463324546813965,-3.355808973312378,5.0794267654418945,-2.5283851623535156,-0.9954702854156494,-0.1825893372297287,1.9040610790252686,0.35767483711242676,2.9006175994873047,1.2295070886611938,-0.1721445620059967,0.33962905406951904,-0.15739032626152039,0.7506298422813416,0.6231601238250732,-1.5788129568099976,-0.8660566210746765,-0.18018506467342377,1.5061819553375244,-0.8412631750106812,-0.16022439301013947,1.7513858079910278,-0.41416284441947937,-0.23629222810268402,-1.1993871927261353,0.6334320306777954,2.533547878265381,0.07997330278158188,0.42624562978744507,-0.373845636844635,2.6889898777008057,-1.4205756187438965,-0.7701670527458191,0.7561997175216675,-2.083014488220215,-0.02137935906648636,-3.2597272396087646,-0.8105527758598328,-1.2475230693817139,0.9426088333129883,1.8585528135299683,-0.018516212701797485,-0.7144632935523987,2.544215679168701,-0.9275385737419128,1.2903364896774292,-1.6610161066055298,-0.1876838505268097,-1.4328274726867676,0.7836626768112183,-0.6881608366966248,-0.0844164490699768,0.63076806,0.6244986
69,-5.720860481262207,2.0110058784484863,-0.5280839800834656,4.0409698486328125,-8.335685729980469,7.491896152496338,2.7025704383850098,-1.2295459508895874,-0.3611423671245575,-3.0761265754699707,2.7665224075317383,-2.211493730545044,2.735975503921509,-0.6481269598007202,-0.6340780258178711,-1.1038212776184082,2.424398183822632,-4.240996837615967,-5.3488569259643555,3.339247465133667,-0.6956729292869568,4.883495807647705,-5.265044689178467,4.335717678070068,4.87460994720459,-4.538885116577148,-0.15466798841953278,-4.737039089202881,2.948059320449829,-6.8725972175598145,5.140836715698242,1.8281080722808838,-0.25613895058631897,-2.745734691619873,1.2186610698699951,-5.9384050369262695,1.334211826324463,-2.481806755065918,-0.4612620174884796,0.16295920312404633,-0.09360109269618988,-5.5302228927612305,2.121093988418579,-3.387660026550293,-0.6432248950004578,-3.0633864402770996,1.0107743740081787,-2.744927167892456,-2.9486804008483887,-1.6611818075180054,-0.43313485383987427,4.8284525871276855,-6.159784317016602,-1.2888679504394531,2.396726369857788,2.9367122650146484,-0.5563481450080872,-2.9641261100769043,-0.6824022531509399,0.2758069336414337,5.093380928039551,-1.6706323623657227,-0.33476340770721436,-10.234301567077637,5.1173319816589355,-3.098982810974121,-1.4158923625946045,2.0509815216064453,-0.5135949850082397,-0.4211207628250122,-2.7990524768829346,6.667575836181641,-5.687385082244873,2.715224266052246,-0.3821638822555542,6.0239644050598145,-6.689212799072266,6.800148963928223,3.524510145187378,-1.7062511444091797,-0.655286967754364,-3.9901630878448486,1.0907455682754517,-1.1440190076828003,2.986725330352783,3.409898281097412,-0.4709775745868683,-6.117889404296875,4.24127721786499,-5.614094257354736,2.9176278114318848,0.43424534797668457,-0.14506526291370392,-0.05127947777509689,0.9539201259613037,-4.024510383605957,0.534601628780365,0.8153945207595825,0.31834569573402405,0.6940792798995972,0.14498694241046906,1.01272451877594,-0.3007899522781372,0.6018482446670532,-0.25229716300964355,1.6356197595596313,-1.316721796989441,-1.2613414525985718,2.6021804809570312,0.35240671038627625,-0.11722347140312195,2.326673984527588,0.3898526430130005,-0.8156667351722717,2.7096118927001953,4.503787994384766,0.2538662850856781,-1.8750745058059692,2.332702875137329,-3.1941158771514893,-2.468804121017456,0.6679418087005615,-0.1337565928697586,0.7046111822128296,-1.0074726343154907,4.811459541320801,6.197386741638184,-7.699049949645996,-0.28461191058158875,-0.3237495422363281,3.8382909297943115,-8.576780319213867,-5.822488784790039,0.3399483263492584,-0.3300645351409912,1.2535638809204102,-1.4008681774139404,3.9990556240081787,-1.4397945404052734,2.432504415512085,-0.45803043246269226,0.6162046790122986,-1.0136324167251587,2.9149088859558105,6.692511558532715,-2.1484873294830322,-0.2607012689113617,-7.51867151260376,0.7208651900291443,-2.529987335205078,-8.46343994140625,3.5284619331359863,-0.4618875980377197,3.1718502044677734,-2.564969301223755,7.334842205047607,-4.687604904174805,0.3414117097854614,-0.2328566610813141,5.253030776977539,-2.9084060192108154,0.8810833692550659,-2.405228853225708,-1.7522332668304443,-0.35728925466537476,1.906610131263733,-4.3163042068481445,1.195024847984314,-5.393131256103516,-0.7359820008277893,-0.7902374863624573,3.0936636924743652,-2.553450107574463,1.566545844078064,4.4085917472839355,-3.5831353664398193,-0.5720902681350708,-2.1066746711730957,-2.6297171115875244,-1.6111788749694824,0.08540500700473785,-0.7389146685600281,-0.29934895038604736,-0.6508462429046631,1.118574857711792,1.3719806671142578,-8.715596199035645,-0.020392749458551407,-0.5852978825569153,3.1868178844451904,-1.2690937519073486,8.330986022949219,1.477208137512207,-1.9902102947235107,-0.5827965140342712,-4.084072589874268,3.776174783706665,0.43992185592651367,5.302745819091797,-6.03088903427124,-0.3143076002597809,-2.584160089492798,6.6322221755981445,-8.25924015045166,-5.364107131958008,3.0087945461273193,-0.4811180531978607,3.6489455699920654,0.9409304261207581,0.23218965530395508,-4.875298976898193,5.6666178703308105,0.014436020515859127,2.482300043106079,-3.311744451522827,5.081676483154297,-2.547384023666382,-1.007086157798767,-0.18223965167999268,1.8735144138336182,0.36282598972320557,2.9383063316345215,1.238974690437317,-0.1816185563802719,0.3394918739795685,-0.15663203597068787,0.7560432553291321,0.6288350820541382,-1.5875964164733887,-0.8634818196296692,-0.1808919906616211,1.4962999820709229,-0.8441548943519592,-0.14734822511672974,1.7678486108779907,-0.438312292098999,-0.23612549901008606,-1.222150206565857,0.6363431215286255,2.579956531524658,0.09636855125427246,0.4259839355945587,-0.3743237257003784,2.7103121280670166,-1.4596766233444214,-0.7914920449256897,0.7567911148071289,-2.0938127040863037,-0.02111581340432167,-3.2721033096313477,-0.8205468058586121,-1.23909330368042,0.9334752559661865,1.852932095527649,-0.01936180144548416,-0.7181967496871948,2.5595815181732178,-0.9247540831565857,1.2910062074661255,-1.6585571765899658,-0.19128862023353577,-1.4356651306152344,0.7770488858222961,-0.6874535083770752,-0.08260126411914825,0.6308678,0.6244986
70,-5.73723030090332,2.013749361038208,-0.5284699201583862,4.020449161529541,-8.429423332214355,7.533808708190918,2.7152047157287598,-1.2425806522369385,-0.3611131012439728,-3.0758461952209473,2.773998975753784,-2.222989559173584,2.738306760787964,-0.6377561688423157,-0.6341047883033752,-1.0890756845474243,2.4655728340148926,-4.268718719482422,-5.399807929992676,3.338010549545288,-0.6952356100082397,4.9019598960876465,-5.249367713928223,4.353320598602295,4.8734636306762695,-4.595399379730225,-0.1540803462266922,-4.75398063659668,2.975186347961426,-6.860516548156738,5.175149917602539,1.8524527549743652,-0.2563971281051636,-2.724372625350952,1.2002413272857666,-5.993886470794678,1.3357001543045044,-2.524906873703003,-0.4614974558353424,0.17173169553279877,-0.11873038858175278,-5.536604881286621,2.1233246326446533,-3.380666732788086,-0.6448473930358887,-3.079956531524658,1.0103309154510498,-2.737708806991577,-2.954928159713745,-1.6608740091323853,-0.43504011631011963,4.870969772338867,-6.191834926605225,-1.3089861869812012,2.400484085083008,2.9482176303863525,-0.5563029050827026,-2.9504261016845703,-0.6894800662994385,0.2596304416656494,5.107450485229492,-1.6503605842590332,-0.33566805720329285,-10.288176536560059,5.140775680541992,-3.091230869293213,-1.4262757301330566,2.020688533782959,-0.5135258436203003,-0.4457440972328186,-2.817307233810425,6.733641147613525,-5.698484420776367,2.7186524868011475,-0.3824356198310852,6.0446457862854,-6.72830867767334,6.809263229370117,3.5279018878936768,-1.7060407400131226,-0.6557665467262268,-3.99768328666687,1.0968326330184937,-1.156874179840088,2.9794089794158936,3.462481737136841,-0.47176119685173035,-6.161162376403809,4.297887325286865,-5.614060878753662,2.961334466934204,0.477661669254303,-0.1470966786146164,-0.030811935663223267,0.9053732752799988,-4.080118179321289,0.5425844192504883,0.8250911235809326,0.31837910413742065,0.6977807879447937,0.15424519777297974,1.0231730937957764,-0.3105963170528412,0.584733784198761,-0.2526085674762726,1.6763675212860107,-1.3115707635879517,-1.2899363040924072,2.6267449855804443,0.34578683972358704,-0.11783695220947266,2.356735944747925,0.35993921756744385,-0.8490124940872192,2.735813856124878,4.572635650634766,0.2537524104118347,-1.9125784635543823,2.3345260620117188,-3.2139134407043457,-2.4484193325042725,0.6626346707344055,-0.1340881586074829,0.6747589111328125,-1.0140886306762695,4.888237953186035,6.230201721191406,-7.7556891441345215,-0.2847183644771576,-0.307522714138031,3.840724229812622,-8.6110200881958,-5.845742702484131,0.3350113332271576,-0.3307752013206482,1.245560884475708,-1.3792563676834106,4.023473739624023,-1.4587503671646118,2.4335834980010986,-0.4590068459510803,0.6356123685836792,-0.9857330322265625,2.917426347732544,6.7330451011657715,-2.1407716274261475,-0.2621699273586273,-7.586736679077148,0.683265209197998,-2.4979770183563232,-8.502158164978027,3.5045628547668457,-0.462444931268692,3.1683242321014404,-2.5364294052124023,7.386530876159668,-4.680518627166748,0.33544957637786865,-0.23355095088481903,5.279062271118164,-2.9380600452423096,0.8812695145606995,-2.4252824783325195,-1.7964004278182983,-0.35644516348838806,1.9272465705871582,-4.343994140625,1.1895748376846313,-5.4199676513671875,-0.7126537561416626,-0.7903967499732971,3.1029856204986572,-2.525224208831787,1.5574448108673096,4.4304914474487305,-3.5827155113220215,-0.5722368359565735,-2.100947856903076,-2.684607982635498,-1.6429957151412964,0.09640086442232132,-0.7101550698280334,-0.2996990978717804,-0.6700844168663025,1.1063133478164673,1.3718855381011963,-8.764364242553711,-0.01984681747853756,-0.585356593132019,3.211998701095581,-1.2097059488296509,8.343582153320312,1.5043467283248901,-1.9766546487808228,-0.5844124555587769,-4.155447006225586,3.74692702293396,0.4709987938404083,5.327676296234131,-6.057628631591797,-0.31542935967445374,-2.5877416133880615,6.664755821228027,-8.278388023376465,-5.3653564453125,3.0441200733184814,-0.48164013028144836,3.697829484939575,0.9460732340812683,0.1883377581834793,-4.9089460372924805,5.712000846862793,0.014890266582369804,2.501676321029663,-3.2665159702301025,5.083131313323975,-2.565716505050659,-1.018362045288086,-0.18186679482460022,1.8434020280838013,0.3668473958969116,2.9751293659210205,1.2483466863632202,-0.1910497099161148,0.3393528461456299,-0.15585589408874512,0.7614087462425232,0.634558916091919,-1.596093773841858,-0.8608072400093079,-0.18159931898117065,1.4858345985412598,-0.8464112281799316,-0.1340712457895279,1.784050703048706,-0.4627420902252197,-0.23594999313354492,-1.2446883916854858,0.6394720077514648,2.6260688304901123,0.11235997080802917,0.4251571297645569,-0.3748041093349457,2.730625629425049,-1.4994328022003174,-0.8121606111526489,0.7569819688796997,-2.104310989379883,-0.02084464393556118,-3.284223794937134,-0.8297954201698303,-1.2303218841552734,0.924604058265686,1.8466465473175049,-0.020158676430583,-0.7218762040138245,2.575052499771118,-0.9217568635940552,1.2916539907455444,-1.6561516523361206,-0.19498318433761597,-1.4382996559143066,0.770656406879425,-0.6867423057556152,-0.08090472221374512,0.6310174,0.6241901
71,-5.753757476806641,2.016603469848633,-0.5288418531417847,3.9997804164886475,-8.522863388061523,7.575143814086914,2.7276947498321533,-1.2556345462799072,-0.3610748052597046,-3.0757625102996826,2.781144380569458,-2.2340896129608154,2.7411532402038574,-0.6268855333328247,-0.6341204047203064,-1.074603796005249,2.5045886039733887,-4.296422958374023,-5.449708938598633,3.33717679977417,-0.6947810649871826,4.920065402984619,-5.233917713165283,4.370091438293457,4.872581481933594,-4.651942729949951,-0.15345974266529083,-4.77144193649292,3.001460552215576,-6.848029613494873,5.2089619636535645,1.8758121728897095,-0.25662732124328613,-2.701742172241211,1.182123064994812,-6.049773693084717,1.3377729654312134,-2.5686862468719482,-0.46173030138015747,0.1798190474510193,-0.1451071947813034,-5.542163848876953,2.125469207763672,-3.3730998039245605,-0.6464659571647644,-3.097186326980591,1.0099817514419556,-2.729954481124878,-2.9612512588500977,-1.6600786447525024,-0.4369490444660187,4.912111759185791,-6.222979545593262,-1.3285629749298096,2.403515577316284,2.9591641426086426,-0.5562286376953125,-2.9361050128936768,-0.6951411962509155,0.24348071217536926,5.121499061584473,-1.6302213668823242,-0.33656325936317444,-10.341117858886719,5.164332389831543,-3.083134174346924,-1.4373520612716675,1.9893285036087036,-0.5134289264678955,-0.46949559450149536,-2.8346939086914062,6.79879093170166,-5.709567070007324,2.722377061843872,-0.3826887309551239,6.065367698669434,-6.766338348388672,6.81787633895874,3.5309908390045166,-1.7050520181655884,-0.6562286615371704,-4.00450325012207,1.1034891605377197,-1.1699273586273193,2.9719197750091553,3.5139355659484863,-0.472551167011261,-6.20445442199707,4.35429573059082,-5.613253116607666,3.00466251373291,0.5210518836975098,-0.14913156628608704,-0.010911102406680584,0.8568329811096191,-4.135241985321045,0.5507038831710815,0.8346989154815674,0.31841209530830383,0.7014654278755188,0.16362036764621735,1.0336230993270874,-0.32083168625831604,0.5671550631523132,-0.2529207170009613,1.7165896892547607,-1.3062711954116821,-1.3182742595672607,2.651031494140625,0.33878660202026367,-0.11845360696315765,2.3868308067321777,0.33091533184051514,-0.8822302222251892,2.762413263320923,4.640443325042725,0.25363701581954956,-1.9502389430999756,2.3352653980255127,-3.2330856323242188,-2.4278171062469482,0.6573063731193542,-0.1344250738620758,0.6450643539428711,-1.0205987691879272,4.964432239532471,6.262511253356934,-7.811424255371094,-0.28481075167655945,-0.2916058599948883,3.842594861984253,-8.644901275634766,-5.868250846862793,0.33053678274154663,-0.33147019147872925,1.2382582426071167,-1.3575630187988281,4.047326564788818,-1.4776756763458252,2.434685468673706,-0.45998623967170715,0.6551157236099243,-0.9578327536582947,2.9195568561553955,6.773005485534668,-2.133087635040283,-0.26364144682884216,-7.6542887687683105,0.6450766921043396,-2.4659249782562256,-8.540182113647461,3.4807472229003906,-0.46299320459365845,3.164708375930786,-2.508594274520874,7.437406539916992,-4.673556327819824,0.3295862376689911,-0.23423901200294495,5.3048834800720215,-2.9669382572174072,0.8814462423324585,-2.4452853202819824,-1.8407485485076904,-0.35557863116264343,1.9479809999465942,-4.370943546295166,1.1841963529586792,-5.4462666511535645,-0.6890031099319458,-0.7905424237251282,3.1121721267700195,-2.497304916381836,1.5480703115463257,4.451508522033691,-3.5821940898895264,-0.5723483562469482,-2.0952210426330566,-2.738388776779175,-1.6747546195983887,0.10820825397968292,-0.6814563870429993,-0.3000357151031494,-0.6891893744468689,1.0930780172348022,1.3721189498901367,-8.812724113464355,-0.018545133993029594,-0.5854027271270752,3.2376270294189453,-1.1499489545822144,8.355415344238281,1.53109872341156,-1.9625451564788818,-0.586029052734375,-4.225838661193848,3.7173573970794678,0.5016414523124695,5.3524885177612305,-6.083951473236084,-0.31654438376426697,-2.5917515754699707,6.697017192840576,-8.296845436096191,-5.3661298751831055,3.079214334487915,-0.4821533262729645,3.7460148334503174,0.9497491121292114,0.14460836350917816,-4.942876815795898,5.756827354431152,0.01535865105688572,2.521498680114746,-3.2201828956604004,5.083827495574951,-2.5833218097686768,-1.0293197631835938,-0.1814730018377304,1.813734531402588,0.36975646018981934,3.011075019836426,1.2576152086257935,-0.20043890178203583,0.3392130434513092,-0.15506373345851898,0.7667343020439148,0.6403215527534485,-1.6043314933776855,-0.8580335378646851,-0.1823110580444336,1.4748706817626953,-0.8480082154273987,-0.12043441832065582,1.799965500831604,-0.4874195456504822,-0.2357647716999054,-1.2670191526412964,0.642876923084259,2.6718852519989014,0.127943754196167,0.423779159784317,-0.37528303265571594,2.749966859817505,-1.5398328304290771,-0.8321839570999146,0.7567927837371826,-2.114490509033203,-0.020566442981362343,-3.2960970401763916,-0.8383216261863708,-1.221226453781128,0.915980339050293,1.8397455215454102,-0.02090580016374588,-0.7254970669746399,2.590658664703369,-0.918566882610321,1.2922629117965698,-1.6537998914718628,-0.19877193868160248,-1.4407498836517334,0.7644680738449097,-0.68601393699646,-0.0793299600481987,0.63084286,0.6238815
72,-5.7705512046813965,2.019491195678711,-0.5292126536369324,3.979032278060913,-8.616302490234375,7.61590576171875,2.740044116973877,-1.2687082290649414,-0.3610171377658844,-3.0758771896362305,2.787991523742676,-2.2448225021362305,2.7444722652435303,-0.6155393123626709,-0.634128987789154,-1.0603817701339722,2.541433334350586,-4.324193477630615,-5.498560905456543,3.3367326259613037,-0.694308876991272,4.937680721282959,-5.218714714050293,4.386047840118408,4.872040748596191,-4.708608150482178,-0.15280590951442719,-4.789433002471924,3.026918411254883,-6.83507776260376,5.242256164550781,1.89826500415802,-0.2568262815475464,-2.6779448986053467,1.1642988920211792,-6.10601806640625,1.3403985500335693,-2.6131319999694824,-0.46196451783180237,0.1872655749320984,-0.17268140614032745,-5.5469770431518555,2.1275177001953125,-3.3649752140045166,-0.6480924487113953,-3.1150548458099365,1.0097519159317017,-2.7216782569885254,-2.9676647186279297,-1.658821940422058,-0.4388684630393982,4.951935291290283,-6.253203868865967,-1.347571849822998,2.405855417251587,2.96950626373291,-0.5561292767524719,-2.9211831092834473,-0.6994249820709229,0.22735948860645294,5.135576248168945,-1.6101998090744019,-0.33745309710502625,-10.392943382263184,5.188022136688232,-3.0746355056762695,-1.4490712881088257,1.956932544708252,-0.5132959485054016,-0.4924240708351135,-2.851167917251587,6.863081932067871,-5.720653057098389,2.726392984390259,-0.3829215466976166,6.086136341094971,-6.803186416625977,6.825977802276611,3.5338258743286133,-1.7032889127731323,-0.6566767692565918,-4.010735988616943,1.1106468439102173,-1.1831637620925903,2.9642624855041504,3.5643231868743896,-0.4733474552631378,-6.247690677642822,4.410436630249023,-5.611691474914551,3.0475783348083496,0.5643666386604309,-0.15116724371910095,0.008443931117653847,0.8083589673042297,-4.1899261474609375,0.558959424495697,0.8442290425300598,0.31844523549079895,0.7051284909248352,0.17310908436775208,1.0440672636032104,-0.3314693868160248,0.5491334199905396,-0.253233402967453,1.7562999725341797,-1.3008495569229126,-1.3463793992996216,2.675004005432129,0.33142608404159546,-0.1190740317106247,2.4170329570770264,0.30284208059310913,-0.9153138995170593,2.7894272804260254,4.707274436950684,0.2535220980644226,-1.9880268573760986,2.334916591644287,-3.251596212387085,-2.4069666862487793,0.6519526839256287,-0.1347627341747284,0.6155434250831604,-1.027016282081604,5.040047645568848,6.29440450668335,-7.866331577301025,-0.28488337993621826,-0.2759830355644226,3.8439722061157227,-8.678723335266113,-5.890101909637451,0.32654598355293274,-0.33215564489364624,1.2316304445266724,-1.3358291387557983,4.070662975311279,-1.4964929819107056,2.4357903003692627,-0.46096646785736084,0.6746742129325867,-0.9300366640090942,2.9213008880615234,6.812365531921387,-2.125469923019409,-0.26511362195014954,-7.7212371826171875,0.606288492679596,-2.4339241981506348,-8.577539443969727,3.4570603370666504,-0.46353256702423096,3.1609976291656494,-2.4815075397491455,7.487537384033203,-4.6668267250061035,0.3238164186477661,-0.2349172979593277,5.330522537231445,-2.9950368404388428,0.8816045522689819,-2.465254545211792,-1.88526451587677,-0.354687362909317,1.9687625169754028,-4.397308349609375,1.1788872480392456,-5.472020626068115,-0.6650413274765015,-0.7906627058982849,3.1211836338043213,-2.4697623252868652,1.5384502410888672,4.471761226654053,-3.5815160274505615,-0.5724374055862427,-2.089522361755371,-2.7910101413726807,-1.7064248323440552,0.12080016732215881,-0.6528438925743103,-0.30036431550979614,-0.7081527709960938,1.0788896083831787,1.372678518295288,-8.860685348510742,-0.016528764739632607,-0.5854344367980957,3.263667583465576,-1.0898727178573608,8.366558074951172,1.5574419498443604,-1.9478918313980103,-0.5876367092132568,-4.295205116271973,3.6876094341278076,0.531857967376709,5.377129077911377,-6.109877109527588,-0.3176514804363251,-2.596172332763672,6.729005813598633,-8.314652442932129,-5.366540431976318,3.114077091217041,-0.4826607406139374,3.793463706970215,0.951941967010498,0.10102248191833496,-4.977043151855469,5.8011794090271,0.015841340646147728,2.5417137145996094,-3.172779083251953,5.083805084228516,-2.6002657413482666,-1.0399487018585205,-0.1810573786497116,1.7845181226730347,0.37154707312583923,3.046234369277954,1.2667810916900635,-0.2097877413034439,0.33907243609428406,-0.1542537957429886,0.7720295190811157,0.6461219191551208,-1.6122971773147583,-0.8551625609397888,-0.18302322924137115,1.46344792842865,-0.8489102125167847,-0.10646850615739822,1.8156112432479858,-0.5123180150985718,-0.23556941747665405,-1.2891857624053955,0.6465520858764648,2.7174220085144043,0.14311806857585907,0.42186903953552246,-0.3757633864879608,2.76839542388916,-1.5808415412902832,-0.851572573184967,0.756247878074646,-2.124379873275757,-0.020280687138438225,-3.307727813720703,-0.8461350798606873,-1.2118418216705322,0.9076140522956848,1.8322402238845825,-0.021601958200335503,-0.729051947593689,2.606365919113159,-0.9151702523231506,1.2928372621536255,-1.651502251625061,-0.2026563435792923,-1.4430218935012817,0.75847989320755,-0.6852840781211853,-0.07786180824041367,0.6309426,0.6241901
73,-5.787469387054443,2.022409439086914,-0.5295664668083191,3.958219051361084,-8.70941162109375,7.656145095825195,2.752230644226074,-1.2817519903182983,-0.3609466850757599,-3.0761477947235107,2.794557809829712,-2.255192995071411,2.7483127117156982,-0.6037469506263733,-0.6341237425804138,-1.0464253425598145,2.576101541519165,-4.351952075958252,-5.5462870597839355,3.3366620540618896,-0.6938177943229675,4.954947471618652,-5.203816890716553,4.401212215423584,4.871761322021484,-4.765389919281006,-0.15211787819862366,-4.807948112487793,3.0515239238739014,-6.821649551391602,5.275152206420898,1.9198577404022217,-0.2569957375526428,-2.653034210205078,1.1467595100402832,-6.162572383880615,1.3435646295547485,-2.658277750015259,-0.4621950685977936,0.1941172480583191,-0.20138728618621826,-5.5510783195495605,2.129457950592041,-3.356276273727417,-0.6497209668159485,-3.133488416671753,1.0096601247787476,-2.7128753662109375,-2.9741525650024414,-1.6571308374404907,-0.4407903850078583,4.990438938140869,-6.282516002655029,-1.3660845756530762,2.4075496196746826,2.979250431060791,-0.5560120940208435,-2.905733346939087,-0.7023393511772156,0.21124035120010376,5.1496100425720215,-1.5903253555297852,-0.33833232522010803,-10.443824768066406,5.211863040924072,-3.065796136856079,-1.4614167213439941,1.9235435724258423,-0.513141930103302,-0.5145917534828186,-2.866780996322632,6.92653751373291,-5.7316508293151855,2.7306413650512695,-0.38313499093055725,6.106973171234131,-6.838843822479248,6.833551406860352,3.536378860473633,-1.7007522583007812,-0.6571123003959656,-4.016441345214844,1.1182760000228882,-1.1966112852096558,2.9564552307128906,3.6136789321899414,-0.47415217757225037,-6.290987968444824,4.4662604331970215,-5.609459400177002,3.0900514125823975,0.6075829863548279,-0.15320660173892975,0.02726151794195175,0.7600197196006775,-4.244163990020752,0.5673494338989258,0.853675127029419,0.318477600812912,0.7087847590446472,0.18270154297351837,1.054496169090271,-0.3424896001815796,0.5306936502456665,-0.2535451352596283,1.7955025434494019,-1.2953574657440186,-1.3742687702178955,2.698655128479004,0.3237307667732239,-0.11969619244337082,2.447366714477539,0.2757630944252014,-0.9482717514038086,2.816800594329834,4.773204803466797,0.2534075379371643,-2.0259573459625244,2.3335416316986084,-3.2695670127868652,-2.3859119415283203,0.6465873718261719,-0.13510209321975708,0.5862219333648682,-1.033355712890625,5.115103244781494,6.3257012367248535,-7.920381546020508,-0.2849424183368683,-0.2606504261493683,3.844900369644165,-8.712284088134766,-5.911200046539307,0.3230586647987366,-0.33282849192619324,1.2256584167480469,-1.3140746355056763,4.093447685241699,-1.5152171850204468,2.4369404315948486,-0.4619467556476593,0.6942604780197144,-0.9024303555488586,2.9226624965667725,6.851212978363037,-2.1178412437438965,-0.2665936350822449,-7.7876458168029785,0.5669153928756714,-2.40195369720459,-8.614295959472656,3.433497428894043,-0.4640638828277588,3.157179355621338,-2.455157518386841,7.5370073318481445,-4.660243034362793,0.31814712285995483,-0.23558883368968964,5.355965614318848,-3.0223209857940674,0.8816890716552734,-2.4851815700531006,-1.9299263954162598,-0.3537709712982178,1.9896234273910522,-4.423026084899902,1.1736485958099365,-5.497260093688965,-0.6408143043518066,-0.7907593846321106,3.130025625228882,-2.442617893218994,1.5285717248916626,4.4911956787109375,-3.580733060836792,-0.5724812746047974,-2.083876848220825,-2.8424837589263916,-1.7380191087722778,0.1341381072998047,-0.6243469715118408,-0.30067694187164307,-0.7269700765609741,1.0637768507003784,1.3735246658325195,-8.908280372619629,-0.013838227838277817,-0.5854446887969971,3.2900900840759277,-1.0294603109359741,8.37710952758789,1.5833462476730347,-1.932700514793396,-0.589260995388031,-4.363422393798828,3.657691478729248,0.5616097450256348,5.401605129241943,-6.1354522705078125,-0.31874990463256836,-2.600982904434204,6.760754585266113,-8.33169937133789,-5.366633415222168,3.148674726486206,-0.48316043615341187,3.8402066230773926,0.9526810646057129,0.057568859308958054,-5.011411666870117,5.8451032638549805,0.016339106485247612,2.5622525215148926,-3.1244142055511475,5.08310079574585,-2.6165499687194824,-1.0502790212631226,-0.18061941862106323,1.7557275295257568,0.3722340762615204,3.0805740356445312,1.275862693786621,-0.2190946340560913,0.33893054723739624,-0.15342740714550018,0.777295708656311,0.6519619226455688,-1.6200246810913086,-0.8521860837936401,-0.18373802304267883,1.45163893699646,-0.8490949273109436,-0.09221915155649185,1.8309621810913086,-0.5374099016189575,-0.23536333441734314,-1.3111662864685059,0.6505265831947327,2.762660026550293,0.15788087248802185,0.4194504916667938,-0.3762437403202057,2.7858691215515137,-1.6224206686019897,-0.8703524470329285,0.7553627490997314,-2.1340222358703613,-0.019987167790532112,-3.3190813064575195,-0.8532607555389404,-1.2021738290786743,0.8995016813278198,1.824181318283081,-0.022245682775974274,-0.732536256313324,2.6222240924835205,-0.9116082191467285,1.293371319770813,-1.6492609977722168,-0.20664335787296295,-1.445115327835083,0.7526921629905701,-0.6845479011535645,-0.07650794088840485,0.6312168,0.6244986
74,-5.8045654296875,2.0253357887268066,-0.5299157500267029,3.93739652633667,-8.802347183227539,7.69572639465332,2.7642502784729004,-1.2947754859924316,-0.3608580529689789,-3.0765419006347656,2.800889015197754,-2.265223741531372,2.7526564598083496,-0.5915395021438599,-0.6341025233268738,-1.0327337980270386,2.6086461544036865,-4.379700660705566,-5.592964172363281,3.336965560913086,-0.6933029294013977,4.971742630004883,-5.1892409324646,4.415583610534668,4.871758937835693,-4.822220802307129,-0.151396244764328,-4.827029228210449,3.075259208679199,-6.807772159576416,5.307459831237793,1.9406297206878662,-0.2571353316307068,-2.6270911693573,1.1295032501220703,-6.219485759735107,1.3472602367401123,-2.7040207386016846,-0.4624219834804535,0.20041623711585999,-0.23115284740924835,-5.554547309875488,2.1313254833221436,-3.3470640182495117,-0.6513540148735046,-3.1524741649627686,1.0097098350524902,-2.7036001682281494,-2.9806885719299316,-1.6550613641738892,-0.44271978735923767,5.027661323547363,-6.310874938964844,-1.384070634841919,2.4085631370544434,2.9883921146392822,-0.5558546781539917,-2.889679431915283,-0.7039106488227844,0.1951485276222229,5.163637161254883,-1.570621371269226,-0.33919593691825867,-10.493653297424316,5.235776424407959,-3.056565284729004,-1.4743025302886963,1.8892004489898682,-0.5129505395889282,-0.5360479354858398,-2.8815324306488037,6.989193439483643,-5.742694854736328,2.735109329223633,-0.3833274245262146,6.127881050109863,-6.873301029205322,6.840699672698975,3.5387110710144043,-1.697464942932129,-0.6575239896774292,-4.0215983390808105,1.1263291835784912,-1.2102359533309937,2.948498487472534,3.662095546722412,-0.47496160864830017,-6.334284782409668,4.521718978881836,-5.606589317321777,3.132084369659424,0.6506597399711609,-0.15524888038635254,0.04556502774357796,0.7118649482727051,-4.2979960441589355,0.575871467590332,0.863040566444397,0.31851086020469666,0.7124391794204712,0.1923883855342865,1.0649226903915405,-0.3538651764392853,0.5118424296379089,-0.2538541853427887,1.8342232704162598,-1.2898191213607788,-1.4019180536270142,2.7219460010528564,0.3157126009464264,-0.12032220512628555,2.4778048992156982,0.24972352385520935,-0.9810889363288879,2.8445358276367188,4.838262557983398,0.25329285860061646,-2.0639820098876953,2.331129312515259,-3.2869722843170166,-2.3647162914276123,0.6412250399589539,-0.13544386625289917,0.5571088194847107,-1.0396560430526733,5.18960428237915,6.356581211090088,-7.973471164703369,-0.28498587012290955,-0.2455865889787674,3.8454277515411377,-8.74574089050293,-5.931601524353027,0.3200904130935669,-0.33349356055259705,1.2203470468521118,-1.2922955751419067,4.115729808807373,-1.5337660312652588,2.4380931854248047,-0.4629286229610443,0.7138589024543762,-0.8750853538513184,2.9236786365509033,6.889514923095703,-2.1102867126464844,-0.26807519793510437,-7.853559970855713,0.526980996131897,-2.3700413703918457,-8.650420188903809,3.410072088241577,-0.46458861231803894,3.1532537937164307,-2.4296274185180664,7.585769176483154,-4.653861045837402,0.3125687539577484,-0.23625093698501587,5.381276607513428,-3.048813819885254,0.881712019443512,-2.5050032138824463,-1.9747447967529297,-0.3528306782245636,2.010545015335083,-4.448058128356934,1.1684885025024414,-5.521986961364746,-0.6163281798362732,-0.790837287902832,3.138679027557373,-2.4158923625946045,1.5184773206710815,4.509876251220703,-3.5798702239990234,-0.572510838508606,-2.0782620906829834,-2.8928022384643555,-1.7694861888885498,0.14820724725723267,-0.5960041880607605,-0.3009808659553528,-0.7456135749816895,1.0477713346481323,1.3746893405914307,-8.95557975769043,-0.010521186515688896,-0.5854399800300598,3.316864013671875,-0.9687651991844177,8.386882781982422,1.6088101863861084,-1.9169713258743286,-0.5908945798873901,-4.430610179901123,3.627678632736206,0.5909279584884644,5.425876140594482,-6.160750865936279,-0.3198425769805908,-2.606191635131836,6.792210578918457,-8.34797477722168,-5.36637544631958,3.1830389499664307,-0.48365846276283264,3.8861894607543945,0.9519732594490051,0.01428251527249813,-5.046016693115234,5.888577461242676,0.016852473840117455,2.5830962657928467,-3.0751545429229736,5.081709861755371,-2.6321909427642822,-1.0602887868881226,-0.18015965819358826,1.7274103164672852,0.37184229493141174,3.114128351211548,1.2848559617996216,-0.228359654545784,0.338788777589798,-0.15258312225341797,0.7825382947921753,0.6578508615493774,-1.6275047063827515,-0.8491061329841614,-0.18445678055286407,1.4394893646240234,-0.848542332649231,-0.0777016207575798,1.846027135848999,-0.5626848340034485,-0.2351485937833786,-1.3329674005508423,0.6548141837120056,2.807636260986328,0.17223961651325226,0.416543185710907,-0.3767256736755371,2.8024351596832275,-1.6645249128341675,-0.8885127305984497,0.7541642189025879,-2.1434218883514404,-0.019685983657836914,-3.3302197456359863,-0.8597176671028137,-1.1922621726989746,0.8916870951652527,1.8156086206436157,-0.022835824638605118,-0.7359347939491272,2.6381964683532715,-0.907831072807312,1.293877363204956,-1.6470810174942017,-0.21073824167251587,-1.4470477104187012,0.7470909357070923,-0.6838060021400452,-0.07525449991226196,0.63131654,0.6241901
75,-5.821889400482178,2.0282139778137207,-0.5302537679672241,3.916581153869629,-8.895064353942871,7.734681129455566,2.7761178016662598,-1.3077671527862549,-0.36075055599212646,-3.0770931243896484,2.8070099353790283,-2.2749035358428955,2.7575087547302246,-0.5789358019828796,-0.634067177772522,-1.0193324089050293,2.6391193866729736,-4.407535552978516,-5.638522148132324,3.3376495838165283,-0.6927722096443176,4.988176345825195,-5.175050258636475,4.4292144775390625,4.872132301330566,-4.879125595092773,-0.15063732862472534,-4.8465895652771,3.0981338024139404,-6.793389320373535,5.339346408843994,1.960627794265747,-0.25724363327026367,-2.6001789569854736,1.1125353574752808,-6.2765960693359375,1.3514431715011597,-2.7504210472106934,-0.4626455008983612,0.2062026560306549,-0.2619163393974304,-5.557343482971191,2.1330788135528564,-3.337322235107422,-0.6529924869537354,-3.1719777584075928,1.0099072456359863,-2.6938202381134033,-2.987302541732788,-1.6526223421096802,-0.4446543753147125,5.0637102127075195,-6.338423252105713,-1.4015785455703735,2.4090144634246826,2.996936559677124,-0.5556808710098267,-2.8731651306152344,-0.7041627168655396,0.17906753718852997,5.177640438079834,-1.5510356426239014,-0.34005340933799744,-10.54245662689209,5.259819984436035,-3.0469889640808105,-1.4877253770828247,1.8539396524429321,-0.5127213001251221,-0.5568510293960571,-2.8954384326934814,7.051056385040283,-5.753755569458008,2.739764451980591,-0.38349661231040955,6.148838996887207,-6.906653881072998,6.847454071044922,3.5408830642700195,-1.6934300661087036,-0.6579211354255676,-4.026268482208252,1.134759783744812,-1.2240568399429321,2.940401792526245,3.7096073627471924,-0.47577714920043945,-6.377572059631348,4.5768208503723145,-5.6031107902526855,3.1736114025115967,0.6935817003250122,-0.15729524195194244,0.06335488706827164,0.6639490127563477,-4.351307392120361,0.58453369140625,0.8723328709602356,0.3185426592826843,0.7160904407501221,0.20216742157936096,1.0753357410430908,-0.36557456851005554,0.49260762333869934,-0.25416454672813416,1.8724323511123657,-1.2842787504196167,-1.429370403289795,2.7448315620422363,0.30739423632621765,-0.12095077335834503,2.5083913803100586,0.22474679350852966,-1.0137462615966797,2.8726234436035156,4.902496814727783,0.25317826867103577,-2.1021199226379395,2.327744483947754,-3.3038294315338135,-2.343381881713867,0.6358712911605835,-0.13578727841377258,0.5282173156738281,-1.0459243059158325,5.2634735107421875,6.386928558349609,-8.025763511657715,-0.28501245379447937,-0.23079250752925873,3.8455677032470703,-8.778971672058105,-5.951369285583496,0.31765609979629517,-0.33414438366889954,1.215682029724121,-1.2705272436141968,4.137441158294678,-1.5521289110183716,2.439307451248169,-0.46391549706459045,0.7334516644477844,-0.8480811715126038,2.924334764480591,6.927293300628662,-2.1027684211730957,-0.26956385374069214,-7.918959140777588,0.48650509119033813,-2.33819580078125,-8.685884475708008,3.3867592811584473,-0.46510574221611023,3.149195671081543,-2.404834032058716,7.633875846862793,-4.647712707519531,0.3070860505104065,-0.23690465092658997,5.406379699707031,-3.074470281600952,0.8816458582878113,-2.5247557163238525,-2.0197174549102783,-0.3518661856651306,2.0314855575561523,-4.472509384155273,1.1634026765823364,-5.5461649894714355,-0.5916001796722412,-0.7908957600593567,3.1471502780914307,-2.3896279335021973,1.5081433057785034,4.527791976928711,-3.5789408683776855,-0.5724992156028748,-2.0726912021636963,-2.9419732093811035,-1.8008403778076172,0.16295689344406128,-0.5678250789642334,-0.3012774884700775,-0.7640807032585144,1.0309091806411743,1.3761194944381714,-9.00241756439209,-0.006609733682125807,-0.5854137539863586,3.343956470489502,-0.9078031182289124,8.395987510681152,1.6337971687316895,-1.9007433652877808,-0.5925286412239075,-4.496674060821533,3.5976169109344482,0.6198042035102844,5.449885845184326,-6.185722351074219,-0.3209303617477417,-2.6117196083068848,6.82344913482666,-8.363565444946289,-5.36583948135376,3.2171833515167236,-0.4841513931751251,3.9313666820526123,0.9498505592346191,-0.028833793476223946,-5.080705642700195,5.931690216064453,0.01738175004720688,2.6042118072509766,-3.025049924850464,5.079685211181641,-2.6472115516662598,-1.070015549659729,-0.17967589199543,1.6995306015014648,0.3704013526439667,3.146944522857666,1.2937432527542114,-0.23758210241794586,0.3386445641517639,-0.15172411501407623,0.7877580523490906,0.6637763977050781,-1.634769320487976,-0.845909833908081,-0.18517976999282837,1.4270416498184204,-0.8472451567649841,-0.062957264482975,1.8607863187789917,-0.5881170034408569,-0.23492394387722015,-1.3546063899993896,0.6594362854957581,2.852325677871704,0.1861918866634369,0.41316843032836914,-0.37720638513565063,2.818098306655884,-1.7071247100830078,-0.9060711860656738,0.7526546120643616,-2.1525509357452393,-0.01937694661319256,-3.3411669731140137,-0.8655288219451904,-1.1821215152740479,0.8841303586959839,1.8065344095230103,-0.02337101474404335,-0.7392655611038208,2.6542913913726807,-0.9038953185081482,1.2943459749221802,-1.6449604034423828,-0.21494275331497192,-1.448826789855957,0.7416718006134033,-0.6830638647079468,-0.07410376518964767,0.6314661,0.6241901
76,-5.839279651641846,2.0310611724853516,-0.5305776000022888,3.8958492279052734,-8.987425804138184,7.77300500869751,2.7877886295318604,-1.320701003074646,-0.3606289327144623,-3.077744722366333,2.81294846534729,-2.2842557430267334,2.762861728668213,-0.5659627914428711,-0.6340188980102539,-1.006204605102539,2.6674997806549072,-4.435353755950928,-5.68300199508667,3.3386690616607666,-0.6922186017036438,5.004258155822754,-5.161256313323975,4.442172050476074,4.872782230377197,-4.936142444610596,-0.14984016120433807,-4.866734027862549,3.1201467514038086,-6.7786078453063965,5.370735168457031,1.9799195528030396,-0.25731804966926575,-2.572366714477539,1.0958319902420044,-6.334044456481934,1.3561267852783203,-2.7974417209625244,-0.46286651492118835,0.21150633692741394,-0.2936067283153534,-5.5595879554748535,2.134739637374878,-3.3270857334136963,-0.6546286940574646,-3.1919643878936768,1.0102380514144897,-2.683607816696167,-2.9939632415771484,-1.6498281955718994,-0.44659677147865295,5.098571300506592,-6.365081310272217,-1.4186046123504639,2.408808946609497,3.0049338340759277,-0.5554804801940918,-2.856170177459717,-0.7031335830688477,0.16298598051071167,5.191635608673096,-1.5316425561904907,-0.34089866280555725,-10.590353012084961,5.284051418304443,-3.037012815475464,-1.5016255378723145,1.8178038597106934,-0.5124553442001343,-0.5770363211631775,-2.9085347652435303,7.1121625900268555,-5.764890670776367,2.74458384513855,-0.38364359736442566,6.169814586639404,-6.938779830932617,6.853797435760498,3.5428786277770996,-1.688658356666565,-0.6583062410354614,-4.030508518218994,1.143511414527893,-1.2380714416503906,2.9321861267089844,3.756288528442383,-0.47659748792648315,-6.420778751373291,4.631520748138428,-5.599099636077881,3.2146310806274414,0.7363255023956299,-0.15934666991233826,0.08065291494131088,0.6163240075111389,-4.404167175292969,0.5933308005332947,0.8815461993217468,0.3185744881629944,0.719745397567749,0.21202969551086426,1.08574378490448,-0.37758928537368774,0.47299665212631226,-0.2544785141944885,1.9101264476776123,-1.2787601947784424,-1.456613302230835,2.767279863357544,0.2987859845161438,-0.12158150970935822,2.5390822887420654,0.20085451006889343,-1.0462476015090942,2.9010610580444336,4.96602201461792,0.25306564569473267,-2.1403326988220215,2.3234119415283203,-3.320129156112671,-2.321939468383789,0.6305298209190369,-0.13613362610340118,0.49955353140830994,-1.0521948337554932,5.336888313293457,6.416848182678223,-8.077221870422363,-0.28502413630485535,-0.21626360714435577,3.8453686237335205,-8.812030792236328,-5.970566749572754,0.31577250361442566,-0.3347841501235962,1.2116339206695557,-1.2487711906433105,4.158654689788818,-1.5702850818634033,2.440549850463867,-0.46490222215652466,0.753018856048584,-0.8214709162712097,2.924656629562378,6.9645771980285645,-2.095296859741211,-0.27105504274368286,-7.983825206756592,0.4455150365829468,-2.306469440460205,-8.720667839050293,3.3635830879211426,-0.4656127989292145,3.1450769901275635,-2.380815267562866,7.681338787078857,-4.641834735870361,0.3017018139362335,-0.23754923045635223,5.4313201904296875,-3.099351167678833,0.8814759850502014,-2.544386386871338,-2.0648491382598877,-0.3508734703063965,2.052432060241699,-4.49636697769165,1.1584088802337646,-5.569804668426514,-0.5666370391845703,-0.7909233570098877,3.155423402786255,-2.363835334777832,1.497613549232483,4.545042991638184,-3.577976703643799,-0.5724568963050842,-2.0671634674072266,-2.9900107383728027,-1.832018256187439,0.17835655808448792,-0.5398367643356323,-0.30156242847442627,-0.7823567390441895,1.013235330581665,1.3778077363967896,-9.048985481262207,-0.0021374644711613655,-0.5853706002235413,3.3713388442993164,-0.846604585647583,8.404573440551758,1.6583248376846313,-1.8840079307556152,-0.5941745042800903,-4.561610221862793,3.5675337314605713,0.6482353210449219,5.473660469055176,-6.2104926109313965,-0.3220118582248688,-2.6175780296325684,6.854478359222412,-8.378541946411133,-5.365098476409912,3.25110125541687,-0.4846416115760803,3.975804328918457,0.9463496208190918,-0.07175857573747635,-5.115474700927734,5.974368572235107,0.017927411943674088,2.625558853149414,-2.974229335784912,5.077102184295654,-2.6615943908691406,-1.0794554948806763,-0.1791696548461914,1.6720986366271973,0.36794421076774597,3.1790127754211426,1.3025404214859009,-0.2467622607946396,0.3384994864463806,-0.15085095167160034,0.7929578423500061,0.6697459816932678,-1.6418263912200928,-0.8425938487052917,-0.18590600788593292,1.4143449068069458,-0.8451919555664062,-0.04801172763109207,1.8752467632293701,-0.6136825084686279,-0.2346876710653305,-1.3761043548583984,0.664395272731781,2.896768569946289,0.19974195957183838,0.4093450605869293,-0.37768808007240295,2.8328895568847656,-1.7501628398895264,-0.9230278134346008,0.7508586645126343,-2.161501169204712,-0.01905979961156845,-3.351909875869751,-0.8707204461097717,-1.1717573404312134,0.8768568634986877,1.797003149986267,-0.023849857971072197,-0.7425124049186707,2.6705148220062256,-0.8997887372970581,1.2947797775268555,-1.6429002285003662,-0.21926282346248627,-1.450455665588379,0.7364254593849182,-0.6823237538337708,-0.07304923981428146,0.63139135,0.6241901
77,-5.8567705154418945,2.0338480472564697,-0.5308958888053894,3.8751800060272217,-9.079551696777344,7.810738563537598,2.7993004322052,-1.3335977792739868,-0.36049121618270874,-3.0785138607025146,2.818697214126587,-2.2933149337768555,2.768676519393921,-0.5526518225669861,-0.6339521408081055,-0.9933426976203918,2.693909168243408,-4.4631266593933105,-5.726424694061279,3.340019702911377,-0.6916474103927612,5.019951343536377,-5.147843360900879,4.454401969909668,4.87371826171875,-4.993187427520752,-0.14900732040405273,-4.8873491287231445,3.1412973403930664,-6.7632856369018555,5.401653289794922,1.9985322952270508,-0.2573592960834503,-2.5437417030334473,1.0793527364730835,-6.3917412757873535,1.3612641096115112,-2.845075845718384,-0.46308472752571106,0.2163763791322708,-0.3261495530605316,-5.561306476593018,2.1362762451171875,-3.316375732421875,-0.6562653183937073,-3.212390422821045,1.0107308626174927,-2.672961950302124,-3.0006425380706787,-1.6467318534851074,-0.4485475420951843,5.132340908050537,-6.3908491134643555,-1.4351872205734253,2.4080610275268555,3.012366533279419,-0.5552496910095215,-2.8387417793273926,-0.7008450031280518,0.14690372347831726,5.205573558807373,-1.5124038457870483,-0.34173545241355896,-10.637328147888184,5.308372974395752,-3.0267105102539062,-1.5159833431243896,1.7807873487472534,-0.5121599435806274,-0.5966518521308899,-2.9208500385284424,7.172599792480469,-5.776102542877197,2.749530792236328,-0.3837682604789734,6.1908183097839355,-6.969707489013672,6.859787940979004,3.5447494983673096,-1.6831610202789307,-0.6586772203445435,-4.034304618835449,1.1525689363479614,-1.2522732019424438,2.9238767623901367,3.8021399974823,-0.47742554545402527,-6.464056491851807,4.685754776000977,-5.594494819641113,3.2551496028900146,0.7788588404655457,-0.16140343248844147,0.09748157113790512,0.5690107345581055,-4.456601142883301,0.6022547483444214,0.8906843662261963,0.3186061978340149,0.7234078645706177,0.22197003662586212,1.0961241722106934,-0.38989096879959106,0.4530176818370819,-0.2547897696495056,1.9473206996917725,-1.273310661315918,-1.4836723804473877,2.789304494857788,0.2899077832698822,-0.12221630662679672,2.569944381713867,0.1780531257390976,-1.0785729885101318,2.929776668548584,5.028773307800293,0.2529490888118744,-2.178645372390747,2.3181779384613037,-3.3359410762786865,-2.3003976345062256,0.6252149939537048,-0.13647910952568054,0.47112759947776794,-1.0584797859191895,5.4096879959106445,6.446248531341553,-8.127788543701172,-0.2850216031074524,-0.2019897848367691,3.844883918762207,-8.844919204711914,-5.9892144203186035,0.31443920731544495,-0.3354146480560303,1.2081921100616455,-1.2270547151565552,4.1793694496154785,-1.5882232189178467,2.441845178604126,-0.465893030166626,0.7725511193275452,-0.7953007817268372,2.924635171890259,7.00144100189209,-2.0878593921661377,-0.27255553007125854,-8.048198699951172,0.4040490388870239,-2.2748618125915527,-8.754759788513184,3.3405630588531494,-0.46611422300338745,3.140831470489502,-2.357548713684082,7.728140830993652,-4.636131286621094,0.29640820622444153,-0.2381860762834549,5.456117153167725,-3.1234142780303955,0.8812002539634705,-2.563886880874634,-2.1101152896881104,-0.3498573899269104,2.073355197906494,-4.519722938537598,1.1534974575042725,-5.592931270599365,-0.5414621829986572,-0.7909349203109741,3.1635708808898926,-2.3385043144226074,1.486879825592041,4.561581134796143,-3.5769693851470947,-0.5723835229873657,-2.0616939067840576,-3.03691029548645,-1.8630619049072266,0.1943751722574234,-0.5120615363121033,-0.30183520913124084,-0.8004372715950012,0.9947771430015564,1.379736065864563,-9.0952787399292,0.0028495434671640396,-0.5853099822998047,3.399019241333008,-0.7851811051368713,8.4124755859375,1.6823930740356445,-1.8667924404144287,-0.5958311557769775,-4.6255364418029785,3.537461042404175,0.6762444972991943,5.497169494628906,-6.234945297241211,-0.32308799028396606,-2.623743772506714,6.885309219360352,-8.392675399780273,-5.364086627960205,3.2847890853881836,-0.4851251542568207,4.019493579864502,0.9415150284767151,-0.11447877436876297,-5.150291442871094,6.0166916847229,0.018490036949515343,2.6471142768859863,-2.9227540493011475,5.0740065574646,-2.675377607345581,-1.0885982513427734,-0.17864219844341278,1.645100474357605,0.3645092844963074,3.2103614807128906,1.3112521171569824,-0.25590312480926514,0.33835262060165405,-0.1499633491039276,0.7981418967247009,0.6757550239562988,-1.6486858129501343,-0.8391631245613098,-0.18663851916790009,1.4014556407928467,-0.8423662185668945,-0.03289930894970894,1.8894098997116089,-0.6393714547157288,-0.23444099724292755,-1.3974634408950806,0.6697019934654236,2.9409093856811523,0.21289533376693726,0.4050920009613037,-0.3781720995903015,2.8468258380889893,-1.7935985326766968,-0.939420223236084,0.7488000392913818,-2.17025089263916,-0.018734561279416084,-3.3624706268310547,-0.8753014802932739,-1.1612143516540527,0.8698577880859375,1.7870373725891113,-0.02427108958363533,-0.7456606030464172,2.6868271827697754,-0.895521342754364,1.2951829433441162,-1.6408944129943848,-0.22370119392871857,-1.4519380331039429,0.7313351631164551,-0.6815819144248962,-0.07208451628684998,0.63134146,0.6244986
78,-5.874382019042969,2.0365512371063232,-0.5312042832374573,3.8546197414398193,-9.171329498291016,7.847857475280762,2.8106186389923096,-1.3464393615722656,-0.3603372871875763,-3.079362392425537,2.8242971897125244,-2.3020589351654053,2.7749576568603516,-0.5390166640281677,-0.6338810920715332,-0.9807524681091309,2.7183971405029297,-4.490853786468506,-5.768787860870361,3.3416969776153564,-0.691058874130249,5.035233020782471,-5.134854793548584,4.46597146987915,4.875030517578125,-5.050323963165283,-0.14813445508480072,-4.908443450927734,3.1615779399871826,-6.747487545013428,5.432119369506836,2.016496419906616,-0.2573659420013428,-2.51436185836792,1.0630868673324585,-6.449721336364746,1.3668262958526611,-2.893311023712158,-0.4633030593395233,0.2208469957113266,-0.35947391390800476,-5.562533855438232,2.1377134323120117,-3.3051981925964355,-0.6579126715660095,-3.233245849609375,1.01137375831604,-2.661853075027466,-3.0073747634887695,-1.6433526277542114,-0.45050472021102905,5.164987564086914,-6.415806293487549,-1.4513437747955322,2.4067344665527344,3.0192337036132812,-0.5549907088279724,-2.820857524871826,-0.6973364353179932,0.13081304728984833,5.219484329223633,-1.4933480024337769,-0.34255921840667725,-10.68338394165039,5.332795143127441,-3.0160579681396484,-1.5307358503341675,1.7429585456848145,-0.5118205547332764,-0.6157499551773071,-2.93241548538208,7.23232889175415,-5.78732442855835,2.754563808441162,-0.3838697671890259,6.21187686920166,-6.999519348144531,6.865381717681885,3.5465123653411865,-1.6769518852233887,-0.6590253114700317,-4.037699222564697,1.161887288093567,-1.2666517496109009,2.9154794216156006,3.847231388092041,-0.47825706005096436,-6.507367134094238,4.739513874053955,-5.58938455581665,3.295152187347412,0.821172833442688,-0.16346342861652374,0.1138557717204094,0.5220592617988586,-4.5085296630859375,0.6113093495368958,0.8997513651847839,0.31863662600517273,0.7270777821540833,0.23198316991329193,1.1064845323562622,-0.40245696902275085,0.43269962072372437,-0.255105197429657,1.984012484550476,-1.2679692506790161,-1.5105342864990234,2.8108584880828857,0.2807733416557312,-0.12285427749156952,2.600969076156616,0.1563449501991272,-1.110737919807434,2.9588024616241455,5.090855598449707,0.2528378665447235,-2.2170238494873047,2.312101125717163,-3.351242780685425,-2.2787792682647705,0.6199265718460083,-0.1368289738893509,0.4429450035095215,-1.0648030042648315,5.481947422027588,6.475211143493652,-8.177505493164062,-0.2850031554698944,-0.18796466290950775,3.8441591262817383,-8.877718925476074,-6.00730562210083,0.3136689364910126,-0.33603498339653015,1.2053418159484863,-1.205370545387268,4.199534893035889,-1.6058968305587769,2.4431629180908203,-0.46688923239707947,0.7920365333557129,-0.7696065902709961,2.924299478530884,7.037791728973389,-2.080479621887207,-0.27406519651412964,-8.112098693847656,0.3621445596218109,-2.243389844894409,-8.788326263427734,3.3176934719085693,-0.46660560369491577,3.1365139484405518,-2.3350701332092285,7.7744526863098145,-4.630709171295166,0.29120728373527527,-0.23881404101848602,5.4806952476501465,-3.1466941833496094,0.8808122873306274,-2.583249568939209,-2.1554994583129883,-0.3488149642944336,2.094261407852173,-4.542616844177246,1.1486725807189941,-5.61559534072876,-0.516086757183075,-0.7909181118011475,3.1714935302734375,-2.313669443130493,1.475962519645691,4.577407360076904,-3.575899839401245,-0.5722752213478088,-2.0562732219696045,-3.082629919052124,-1.893929123878479,0.2109784036874771,-0.4845191240310669,-0.30210113525390625,-0.8183160424232483,0.9755810499191284,1.3818690776824951,-9.141190528869629,0.008316025137901306,-0.5852354168891907,3.4269659519195557,-0.7235562205314636,8.419794082641602,1.7059680223464966,-1.8491226434707642,-0.5974972248077393,-4.6883320808410645,3.507439374923706,0.703818678855896,5.5204386711120605,-6.259158611297607,-0.3241570293903351,-2.630220413208008,6.91591215133667,-8.406163215637207,-5.362916946411133,3.3182461261749268,-0.48560458421707153,4.062446117401123,0.9353927969932556,-0.15698812901973724,-5.185072898864746,6.058697700500488,0.0190700925886631,2.668853521347046,-2.870710849761963,5.070394515991211,-2.6886117458343506,-1.0974900722503662,-0.1780916303396225,1.61854887008667,0.36013761162757874,3.241032600402832,1.3198636770248413,-0.2649984359741211,0.3382053077220917,-0.14906221628189087,0.8033131957054138,0.6817994117736816,-1.655356764793396,-0.8356100916862488,-0.18737389147281647,1.3884036540985107,-0.8387758135795593,-0.01765413023531437,1.9032793045043945,-0.6651676893234253,-0.23418259620666504,-1.4186979532241821,0.6753498911857605,2.984801769256592,0.22565703094005585,0.40043532848358154,-0.3786565065383911,2.8599517345428467,-1.8373908996582031,-0.9552491903305054,0.7464990019798279,-2.1788418292999268,-0.018401067703962326,-3.3728606700897217,-0.8793021440505981,-1.1504876613616943,0.8631317615509033,1.776671051979065,-0.024632921442389488,-0.7487146258354187,2.703277111053467,-0.891108512878418,1.2955559492111206,-1.638963222503662,-0.22825896739959717,-1.4532982110977173,0.7264127135276794,-0.6808472871780396,-0.07120555639266968,0.63124174,0.6241901
79,-5.892043590545654,2.039208173751831,-0.5315083861351013,3.834155559539795,-9.262639999389648,7.884376049041748,2.8217885494232178,-1.359229326248169,-0.3601609468460083,-3.0802981853485107,2.8297667503356934,-2.3105180263519287,2.781683921813965,-0.5250821709632874,-0.6337799429893494,-0.9684392809867859,2.741023302078247,-4.518530368804932,-5.810136795043945,3.343651533126831,-0.6904421448707581,5.050222396850586,-5.122359275817871,4.476897239685059,4.8765435218811035,-5.107491493225098,-0.1472206711769104,-4.930073261260986,3.1809964179992676,-6.731157302856445,5.462098598480225,2.033891439437866,-0.2573370635509491,-2.48427677154541,1.0470056533813477,-6.507925033569336,1.3727971315383911,-2.9421277046203613,-0.4635097086429596,0.22494427859783173,-0.3935157060623169,-5.56333589553833,2.1390695571899414,-3.2935843467712402,-0.6595610976219177,-3.254481077194214,1.0121361017227173,-2.650357961654663,-3.0141124725341797,-1.639721393585205,-0.4524673521518707,5.19663667678833,-6.43996524810791,-1.4670779705047607,2.4049108028411865,3.025587320327759,-0.5546993613243103,-2.8025898933410645,-0.692648708820343,0.11471407860517502,5.2333083152771,-1.474454402923584,-0.3433762490749359,-10.72861099243164,5.3573479652404785,-3.0050644874572754,-1.5458505153656006,1.7043408155441284,-0.5114507675170898,-0.6343675851821899,-2.943272113800049,7.291453838348389,-5.798678874969482,2.759697437286377,-0.38394391536712646,6.2329421043396,-7.028156757354736,6.87062406539917,3.5482256412506104,-1.6700544357299805,-0.6593522429466248,-4.0407795906066895,1.1714226007461548,-1.2812081575393677,2.9070231914520264,3.8915815353393555,-0.4790923595428467,-6.550609111785889,4.792726993560791,-5.583808422088623,3.3346145153045654,0.8632371425628662,-0.1655292510986328,0.12978050112724304,0.4754991829395294,-4.559992790222168,0.6204915642738342,0.9087488651275635,0.31866681575775146,0.7307533025741577,0.24206025898456573,1.1168190240859985,-0.4152582883834839,0.4120490849018097,-0.2554175853729248,2.0202128887176514,-1.2627285718917847,-1.537206768989563,2.8319473266601562,0.2713967561721802,-0.12349479645490646,2.6320881843566895,0.1357223391532898,-1.1427245140075684,2.9881157875061035,5.152374744415283,0.25272801518440247,-2.255466938018799,2.305201292037964,-3.3660786151885986,-2.2571308612823486,0.6146764159202576,-0.1371792107820511,0.415005087852478,-1.0711650848388672,5.553647041320801,6.503634452819824,-8.226438522338867,-0.28497013449668884,-0.1741800457239151,3.8432202339172363,-8.910378456115723,-6.024800777435303,0.31348085403442383,-0.3366422951221466,1.2030707597732544,-1.18374764919281,4.21922492980957,-1.6233105659484863,2.4445114135742188,-0.4678860008716583,0.8114646077156067,-0.7444294691085815,2.9236459732055664,7.07368803024292,-2.0731687545776367,-0.2755813002586365,-8.175460815429688,0.31984221935272217,-2.21209979057312,-8.821208000183105,3.2949695587158203,-0.4670858085155487,3.132134199142456,-2.313370704650879,7.820138454437256,-4.62548828125,0.2860921323299408,-0.23943229019641876,5.505075454711914,-3.1691627502441406,0.8802982568740845,-2.6024301052093506,-2.201040029525757,-0.34774136543273926,2.1151113510131836,-4.56493616104126,1.1439464092254639,-5.637739658355713,-0.49051573872566223,-0.7908850312232971,3.1792402267456055,-2.2892894744873047,1.4648737907409668,4.5926079750061035,-3.5748229026794434,-0.5721293091773987,-2.0509443283081055,-3.1271915435791016,-1.92460298538208,0.22813664376735687,-0.4572259783744812,-0.30235329270362854,-0.8359628915786743,0.9556777477264404,1.3842140436172485,-9.18684196472168,0.014226953499019146,-0.5851380228996277,3.455174207687378,-0.6617531180381775,8.426636695861816,1.729092001914978,-1.8309911489486694,-0.5991708040237427,-4.7500410079956055,3.477491617202759,0.7309588193893433,5.543414115905762,-6.283087730407715,-0.32522106170654297,-2.6369659900665283,6.946350574493408,-8.419036865234375,-5.361576080322266,3.351461410522461,-0.4860834777355194,4.1045942306518555,0.9280291795730591,-0.19926181435585022,-5.219888210296631,6.100304126739502,0.01966814696788788,2.690749406814575,-2.818204879760742,5.066249370574951,-2.701266050338745,-1.106095552444458,-0.17751502990722656,1.5924322605133057,0.3548819422721863,3.271035671234131,1.328393816947937,-0.274054616689682,0.3380570411682129,-0.14814729988574982,0.8084771633148193,0.6878829598426819,-1.6618564128875732,-0.83192378282547,-0.1881112903356552,1.3752167224884033,-0.8344195485115051,-0.0022920912597328424,1.9168405532836914,-0.6910673379898071,-0.23391319811344147,-1.4398057460784912,0.681337833404541,3.0284504890441895,0.23802834749221802,0.3953944444656372,-0.3791418969631195,2.87229061126709,-1.8814722299575806,-0.9705248475074768,0.7439762949943542,-2.1872715950012207,-0.018059099093079567,-3.3830742835998535,-0.8827505707740784,-1.1396212577819824,0.8566921353340149,1.7659151554107666,-0.024933839216828346,-0.7516639828681946,2.7198386192321777,-0.8865517973899841,1.2958976030349731,-1.637092113494873,-0.2329433113336563,-1.4545236825942993,0.7216367721557617,-0.6801177263259888,-0.0704183280467987,0.63139135,0.6248072
80,-5.909723281860352,2.041733741760254,-0.5318064093589783,3.813843250274658,-9.353717803955078,7.920283317565918,2.8327713012695312,-1.371962547302246,-0.35996633768081665,-3.0813000202178955,2.8351099491119385,-2.3186469078063965,2.788881778717041,-0.5108760595321655,-0.6336686015129089,-0.9563735723495483,2.7618329524993896,-4.546236038208008,-5.850450038909912,3.345885753631592,-0.6898052096366882,5.06488561630249,-5.110301971435547,4.487180233001709,4.878439426422119,-5.164709568023682,-0.14626388251781464,-4.952209949493408,3.1995489597320557,-6.714298725128174,5.491641998291016,2.0507311820983887,-0.2572745978832245,-2.4535129070281982,1.031082034111023,-6.566317081451416,1.3791425228118896,-2.991553544998169,-0.4637143611907959,0.2286941260099411,-0.42819902300834656,-5.56360387802124,2.1403396129608154,-3.281510353088379,-0.6612231135368347,-3.2761213779449463,1.013025164604187,-2.6384847164154053,-3.020920753479004,-1.6358768939971924,-0.45443689823150635,5.227205753326416,-6.463292598724365,-1.4824124574661255,2.402575969696045,3.0313804149627686,-0.554379940032959,-2.7839527130126953,-0.6868143081665039,0.09860061854124069,5.2470550537109375,-1.455733299255371,-0.3441823124885559,-10.772873878479004,5.382045269012451,-2.993746519088745,-1.5613030195236206,1.6649609804153442,-0.5110375881195068,-0.6525539755821228,-2.9534122943878174,7.349948883056641,-5.810111045837402,2.7649106979370117,-0.38399800658226013,6.254086494445801,-7.0556793212890625,6.8755621910095215,3.549893856048584,-1.6624771356582642,-0.6596569418907166,-4.043576240539551,1.181137204170227,-1.2959555387496948,2.8984932899475098,3.935206890106201,-0.4799291491508484,-6.593785762786865,4.845418453216553,-5.57774543762207,3.3735313415527344,0.9050585031509399,-0.16760486364364624,0.14527499675750732,0.4293597638607025,-4.611011505126953,0.6298101544380188,0.9176745414733887,0.3186963200569153,0.7344403862953186,0.25219789147377014,1.1271368265151978,-0.4282771646976471,0.391084223985672,-0.2557314336299896,2.055917739868164,-1.2576345205307007,-1.5637027025222778,2.852531671524048,0.26179447770118713,-0.12413839250802994,2.6633338928222656,0.11617618799209595,-1.17452073097229,3.0176758766174316,5.21328067779541,0.2526129186153412,-2.293923854827881,2.2974977493286133,-3.3804197311401367,-2.235466480255127,0.6094613671302795,-0.1375325322151184,0.3873215913772583,-1.0775898694992065,5.624824523925781,6.531662940979004,-8.274456024169922,-0.2849212884902954,-0.16062818467617035,3.8421452045440674,-8.942987442016602,-6.041770935058594,0.3138776123523712,-0.33723852038383484,1.2013421058654785,-1.162192702293396,4.238420009613037,-1.6404629945755005,2.445913076400757,-0.46888697147369385,0.830819308757782,-0.7197909355163574,2.922703504562378,7.109219074249268,-2.065929412841797,-0.27710795402526855,-8.238359451293945,0.2771868109703064,-2.180952310562134,-8.853513717651367,3.2723803520202637,-0.4675566256046295,3.1277146339416504,-2.2924306392669678,7.865243434906006,-4.620589256286621,0.281060129404068,-0.24004296958446503,5.529320240020752,-3.1908962726593018,0.8796632885932922,-2.6214451789855957,-2.246678352355957,-0.3466428816318512,2.1358628273010254,-4.586889266967773,1.1393064260482788,-5.659366607666016,-0.4647656977176666,-0.7908296585083008,3.1867806911468506,-2.265393018722534,1.453615427017212,4.607177257537842,-3.5737435817718506,-0.5719559192657471,-2.0456626415252686,-3.1706361770629883,-1.9550697803497314,0.24580682814121246,-0.43019941449165344,-0.30259278416633606,-0.8533977270126343,0.935113787651062,1.3867545127868652,-9.23231029510498,0.020546790212392807,-0.5850265026092529,3.483621120452881,-0.5997961163520813,8.432870864868164,1.751751184463501,-1.812442660331726,-0.600860595703125,-4.810726642608643,3.4476184844970703,0.7576836347579956,5.566123008728027,-6.306880950927734,-0.3262825012207031,-2.6439735889434814,6.976588726043701,-8.431353569030762,-5.360052585601807,3.384462356567383,-0.4865538775920868,4.145999431610107,0.919465959072113,-0.24128927290439606,-5.254613399505615,6.141620635986328,0.02028459683060646,2.7127773761749268,-2.7653164863586426,5.061712741851807,-2.7133777141571045,-1.1144342422485352,-0.17691387236118317,1.5667343139648438,0.3487866520881653,3.30037784576416,1.336850881576538,-0.2830734848976135,0.33790817856788635,-0.1472197026014328,0.8136343359947205,0.6940091252326965,-1.6682208776474,-0.8281002640724182,-0.18885523080825806,1.3619412183761597,-0.829303503036499,0.013153163716197014,1.9301308393478394,-0.7170584201812744,-0.23363181948661804,-1.4608168601989746,0.6876562237739563,3.071871519088745,0.2500147223472595,0.38999348878860474,-0.37962934374809265,2.883829355239868,-1.925809621810913,-0.9852814674377441,0.7412356734275818,-2.1955490112304688,-0.01770818419754505,-3.3931093215942383,-0.8856589794158936,-1.1286075115203857,0.8505027294158936,1.7548283338546753,-0.025172078981995583,-0.754510223865509,2.7365076541900635,-0.8818508386611938,1.296203374862671,-1.635291337966919,-0.23775379359722137,-1.4556337594985962,0.7170120477676392,-0.6793966889381409,-0.06971760839223862,0.6314661,0.62542427
81,-5.927393913269043,2.0441699028015137,-0.5320870280265808,3.7936558723449707,-9.444348335266113,7.955612659454346,2.8435680866241455,-1.384629726409912,-0.3597521483898163,-3.082354784011841,2.8403525352478027,-2.3265299797058105,2.7964580059051514,-0.4964212477207184,-0.6335431337356567,-0.9445862174034119,2.780914783477783,-4.573832988739014,-5.889730453491211,3.348422050476074,-0.6891478300094604,5.079158782958984,-5.098739147186279,4.496879577636719,4.880573749542236,-5.22196626663208,-0.14526590704917908,-4.974790573120117,3.2172794342041016,-6.697000503540039,5.520746231079102,2.0670437812805176,-0.25717541575431824,-2.4221689701080322,1.0152839422225952,-6.62489128112793,1.3858656883239746,-3.0415380001068115,-0.4639115333557129,0.23212534189224243,-0.4634564518928528,-5.563485622406006,2.1415035724639893,-3.269059658050537,-0.6628851294517517,-3.298053026199341,1.0140292644500732,-2.626246452331543,-3.027756929397583,-1.6318142414093018,-0.4564150869846344,5.2568206787109375,-6.485800266265869,-1.4973620176315308,2.399761438369751,3.0366828441619873,-0.5540313124656677,-2.7649574279785156,-0.6798763275146484,0.08247390389442444,5.260746479034424,-1.437178611755371,-0.3449733853340149,-10.816411018371582,5.406861305236816,-2.982128620147705,-1.5770471096038818,1.624863862991333,-0.5105761289596558,-0.67034912109375,-2.9628920555114746,7.40785551071167,-5.821669101715088,2.770199775695801,-0.38402098417282104,6.275248050689697,-7.082091331481934,6.880194187164307,3.551537036895752,-1.6542435884475708,-0.6599488854408264,-4.046079158782959,1.1910247802734375,-1.3108726739883423,2.8899030685424805,3.9781527519226074,-0.48077788949012756,-6.637023448944092,4.897585868835449,-5.571237087249756,3.411930799484253,0.9466117024421692,-0.16968505084514618,0.16035735607147217,0.3836703598499298,-4.661574363708496,0.639256477355957,0.9265347719192505,0.3187251389026642,0.7381386160850525,0.2623915374279022,1.1374268531799316,-0.44148942828178406,0.36981508135795593,-0.2560493052005768,2.091118335723877,-1.2527161836624146,-1.5900155305862427,2.87259840965271,0.25197097659111023,-0.12478549033403397,2.694718837738037,0.097692109644413,-1.206121802330017,3.047494649887085,5.2736735343933105,0.25250136852264404,-2.3324437141418457,2.2890474796295166,-3.3943450450897217,-2.2137980461120605,0.6043053865432739,-0.13788853585720062,0.3598964214324951,-1.084094524383545,5.695420742034912,6.559164524078369,-8.321627616882324,-0.28485479950904846,-0.1473032832145691,3.8409881591796875,-8.975424766540527,-6.058277130126953,0.31486549973487854,-0.33782634139060974,1.2001705169677734,-1.1407325267791748,4.257093906402588,-1.6573138236999512,2.4473485946655273,-0.46989911794662476,0.8500919342041016,-0.6957163214683533,2.9214725494384766,7.1443610191345215,-2.0587408542633057,-0.2786456346511841,-8.300660133361816,0.23421929776668549,-2.1499993801116943,-8.885181427001953,3.249974250793457,-0.46801814436912537,3.123267412185669,-2.2722885608673096,7.909782409667969,-4.6158528327941895,0.2761096954345703,-0.24064338207244873,5.553350448608398,-3.2118959426879883,0.8788947463035583,-2.6402881145477295,-2.2924246788024902,-0.3455123007297516,2.1565332412719727,-4.608455657958984,1.1347556114196777,-5.68052339553833,-0.4388394355773926,-0.790741503238678,3.1941418647766113,-2.241999387741089,1.4422088861465454,4.62109899520874,-3.572674512863159,-0.5717502236366272,-2.040493965148926,-3.2129197120666504,-1.985309362411499,0.26395538449287415,-0.40345728397369385,-0.3028285503387451,-0.870608925819397,0.9139159917831421,1.3894528150558472,-9.27746295928955,0.02723763883113861,-0.5848926305770874,3.5122501850128174,-0.5377166867256165,8.438682556152344,1.7739614248275757,-1.7934937477111816,-0.6025635600090027,-4.870318412780762,3.4178686141967773,0.783989667892456,5.588582515716553,-6.330471515655518,-0.3273395895957947,-2.651216983795166,7.006735324859619,-8.443034172058105,-5.35845947265625,3.417234420776367,-0.4870201051235199,4.186643123626709,0.9097796678543091,-0.28305545449256897,-5.289271831512451,6.1826019287109375,0.020920265465974808,2.734872817993164,-2.712165594100952,5.056728839874268,-2.724945068359375,-1.122534990310669,-0.17628927528858185,1.5414683818817139,0.34188830852508545,3.329106092453003,1.3452237844467163,-0.29205185174942017,0.3377573788166046,-0.14628051221370697,0.8187834620475769,0.7001732587814331,-1.6744399070739746,-0.8241394758224487,-0.18960431218147278,1.3486123085021973,-0.8234320878982544,0.02865792065858841,1.9431251287460327,-0.7431338429450989,-0.2333381026983261,-1.481711506843567,0.6942963600158691,3.115074872970581,0.26162153482437134,0.3842543363571167,-0.3801179826259613,2.894608736038208,-1.970340371131897,-0.9995066523551941,0.7383114695549011,-2.2036805152893066,-0.017348481342196465,-3.4030184745788574,-0.8880601525306702,-1.1174843311309814,0.8445796966552734,1.7434136867523193,-0.025346290320158005,-0.757239580154419,2.7532312870025635,-0.8770290017127991,1.2964831590652466,-1.6335530281066895,-0.24269112944602966,-1.4566289186477661,0.7125176191329956,-0.6786779165267944,-0.06909796595573425,0.63149107,0.6257328
82,-5.944993495941162,2.0464532375335693,-0.5323541760444641,3.773682117462158,-9.534562110900879,7.990299701690674,2.8541982173919678,-1.3972152471542358,-0.35951852798461914,-3.0834641456604004,2.8454513549804688,-2.334083318710327,2.8044235706329346,-0.4817398488521576,-0.6334031224250793,-0.9330565929412842,2.798326015472412,-4.601358890533447,-5.928029537200928,3.351234197616577,-0.6884559988975525,5.093067169189453,-5.087630748748779,4.5060343742370605,4.882971286773682,-5.2792582511901855,-0.14422208070755005,-4.997780799865723,3.2341902256011963,-6.6792521476745605,5.549422264099121,2.082906723022461,-0.257040411233902,-2.3902556896209717,0.9995861649513245,-6.683574676513672,1.3928953409194946,-3.0920612812042236,-0.4641023576259613,0.23525899648666382,-0.49920788407325745,-5.562961101531982,2.1426219940185547,-3.256178855895996,-0.66455078125,-3.320341110229492,1.0151346921920776,-2.6136534214019775,-3.034632921218872,-1.6275627613067627,-0.45840346813201904,5.285482406616211,-6.507484436035156,-1.5119507312774658,2.3964672088623047,3.041461706161499,-0.5536565184593201,-2.745635509490967,-0.6718571782112122,0.06632174551486969,5.27432918548584,-1.4188112020492554,-0.345752090215683,-10.859058380126953,5.431806564331055,-2.970202684402466,-1.593066930770874,1.5840750932693481,-0.5100800395011902,-0.6877956986427307,-2.971757650375366,7.465180397033691,-5.833347797393799,2.775524854660034,-0.3840198814868927,6.296459197998047,-7.107358932495117,6.884549617767334,3.553182363510132,-1.6453592777252197,-0.6602169275283813,-4.048328876495361,1.2010468244552612,-1.3259578943252563,2.881291627883911,4.02043342590332,-0.4816337823867798,-6.680181980133057,4.9491119384765625,-5.564325332641602,3.449829339981079,0.9879019856452942,-0.171772763133049,0.1750440001487732,0.33846187591552734,-4.7116570472717285,0.6488356590270996,0.9353224039077759,0.3187545835971832,0.7418527007102966,0.2726357877254486,1.14768648147583,-0.4548746347427368,0.34825432300567627,-0.25636500120162964,2.1258230209350586,-1.247982382774353,-1.6161563396453857,2.892160177230835,0.24194355309009552,-0.1254361867904663,2.7261962890625,0.0802534967660904,-1.2375138998031616,3.07753586769104,5.333552837371826,0.2523893713951111,-2.3709816932678223,2.2799336910247803,-3.4078686237335205,-2.192157030105591,0.5991962552070618,-0.13824546337127686,0.33272889256477356,-1.0906906127929688,5.765469074249268,6.5862016677856445,-8.36796760559082,-0.2847753167152405,-0.13420386612415314,3.839776039123535,-9.007648468017578,-6.074331760406494,0.3164488673210144,-0.33840522170066833,1.1995222568511963,-1.1193863153457642,4.275264739990234,-1.6738557815551758,2.448829174041748,-0.4709135591983795,0.8692907094955444,-0.6722005605697632,2.9199256896972656,7.179094314575195,-2.0516357421875,-0.2801947593688965,-8.362622261047363,0.1909942626953125,-2.1192550659179688,-8.916275024414062,3.2277257442474365,-0.4684714078903198,3.118773937225342,-2.252903461456299,7.953753471374512,-4.611341953277588,0.271239310503006,-0.24123568832874298,5.577216148376465,-3.2322230339050293,0.8779966235160828,-2.65893292427063,-2.338282585144043,-0.3443548083305359,2.1770877838134766,-4.62969970703125,1.130307912826538,-5.701193809509277,-0.41274356842041016,-0.7906396389007568,3.2013492584228516,-2.219083786010742,1.4306663274765015,4.634468078613281,-3.571568250656128,-0.5715075731277466,-2.0354251861572266,-3.2540719509124756,-2.0153017044067383,0.28255584836006165,-0.3770068883895874,-0.30305245518684387,-0.887582004070282,0.8921507596969604,1.3923002481460571,-9.32240104675293,0.0342680960893631,-0.5847378373146057,3.541106939315796,-0.47552672028541565,8.443981170654297,1.7957245111465454,-1.774156928062439,-0.6042706370353699,-4.92889928817749,3.388260841369629,0.8098795413970947,5.61073637008667,-6.353941917419434,-0.32839155197143555,-2.658695697784424,7.036718368530273,-8.454028129577637,-5.356748104095459,3.449733018875122,-0.48748689889907837,4.226555347442627,0.8990404009819031,-0.324560284614563,-5.323785305023193,6.223285675048828,0.02157548815011978,2.757068634033203,-2.6588022708892822,5.051301956176758,-2.7360236644744873,-1.1303750276565552,-0.17563752830028534,1.5166151523590088,0.3342597782611847,3.357187271118164,1.3535065650939941,-0.3009907007217407,0.3376050591468811,-0.14532886445522308,0.8239282369613647,0.7063729166984558,-1.6805384159088135,-0.8200357556343079,-0.1903579831123352,1.3352670669555664,-0.8168131113052368,0.04419371858239174,1.955836296081543,-0.7692874670028687,-0.2330317348241806,-1.5025030374526978,0.7012447714805603,3.15802264213562,0.27285248041152954,0.3781941533088684,-0.3806108236312866,2.9046239852905273,-2.01505446434021,-1.0132153034210205,0.7352110743522644,-2.211702346801758,-0.01697964407503605,-3.4127819538116455,-0.8899679780006409,-1.106259822845459,0.8389136791229248,1.7316937446594238,-0.025454426184296608,-0.7598650455474854,2.7701094150543213,-0.8721097707748413,1.2967296838760376,-1.6318787336349487,-0.24776403605937958,-1.4575183391571045,0.7081580758094788,-0.6779673099517822,-0.06856121122837067,0.63149107,0.62542427
83,-5.962671756744385,2.048642635345459,-0.532618522644043,3.7538721561431885,-9.62427806854248,8.024358749389648,2.8646888732910156,-1.4097267389297485,-0.3592625856399536,-3.084637403488159,2.8504443168640137,-2.341341018676758,2.8127386569976807,-0.46685561537742615,-0.6332480907440186,-0.9217649102210999,2.814164400100708,-4.6288533210754395,-5.965388298034668,3.3542749881744385,-0.6877379417419434,5.106637001037598,-5.076973915100098,4.51456356048584,4.885646820068359,-5.336555480957031,-0.14313359558582306,-5.0212225914001465,3.2502613067626953,-6.661002159118652,5.5776801109313965,2.0983192920684814,-0.256868839263916,-2.3578591346740723,0.9839600324630737,-6.742441654205322,1.4002348184585571,-3.1430959701538086,-0.46428778767585754,0.2381245195865631,-0.5354052782058716,-5.562070369720459,2.1436023712158203,-3.2429025173187256,-0.6662338972091675,-3.3429343700408936,1.0163323879241943,-2.6007301807403564,-3.0415570735931396,-1.623165488243103,-0.46040043234825134,5.313232898712158,-6.528362274169922,-1.5261770486831665,2.3926875591278076,3.045741081237793,-0.5532456636428833,-2.7260069847106934,-0.6628128886222839,0.05015457049012184,5.287838935852051,-1.400626540184021,-0.34652450680732727,-10.900921821594238,5.456865310668945,-2.9579989910125732,-1.609304428100586,1.542630910873413,-0.5095389485359192,-0.7049248814582825,-2.980052947998047,7.521981716156006,-5.845155239105225,2.7809195518493652,-0.3839890658855438,6.317668437957764,-7.131584644317627,6.888600826263428,3.55483078956604,-1.6358394622802734,-0.6604706048965454,-4.050327777862549,1.2111839056015015,-1.3412046432495117,2.872647285461426,4.062099456787109,-0.4824962317943573,-6.72325325012207,5.000009536743164,-5.556992530822754,3.4871647357940674,1.0289057493209839,-0.17386774718761444,0.18934416770935059,0.2937454879283905,-4.761238098144531,0.658542811870575,0.9440474510192871,0.31878262758255005,0.7455767393112183,0.2829226851463318,1.1579139232635498,-0.4684118628501892,0.3264203369617462,-0.25668248534202576,2.1600215435028076,-1.2434378862380981,-1.6420977115631104,2.9112601280212402,0.2317156046628952,-0.12608972191810608,2.7578132152557373,0.06383443623781204,-1.2686901092529297,3.1077702045440674,5.392961025238037,0.2522777318954468,-2.4095723628997803,2.270155906677246,-3.4209728240966797,-2.1705563068389893,0.594146728515625,-0.13860689103603363,0.3058212399482727,-1.0973728895187378,5.834954738616943,6.612759590148926,-8.413453102111816,-0.2846769392490387,-0.12132543325424194,3.8385345935821533,-9.039937019348145,-6.08994197845459,0.3186330497264862,-0.33897286653518677,1.1993895769119263,-1.0981756448745728,4.292953014373779,-1.6901098489761353,2.4503517150878906,-0.4719336926937103,0.8884174227714539,-0.6492660641670227,2.9181065559387207,7.213476657867432,-2.0446202754974365,-0.2817552983760834,-8.424017906188965,0.14755168557167053,-2.0887598991394043,-8.946871757507324,3.2056713104248047,-0.46891510486602783,3.114265203475952,-2.2342467308044434,7.997239589691162,-4.607052803039551,0.26643800735473633,-0.24181735515594482,5.6008381843566895,-3.251875638961792,0.8769627809524536,-2.677344560623169,-2.3842058181762695,-0.3431686460971832,2.1975386142730713,-4.650613307952881,1.1259883642196655,-5.721371650695801,-0.3864831328392029,-0.7905152440071106,3.2083613872528076,-2.1966538429260254,1.4190009832382202,4.647368431091309,-3.5704431533813477,-0.5712316036224365,-2.0304808616638184,-3.2941744327545166,-2.0450568199157715,0.3015652298927307,-0.3508644998073578,-0.30326414108276367,-0.9043201804161072,0.869832456111908,1.3952951431274414,-9.366949081420898,0.04160502552986145,-0.5845711827278137,3.5701565742492676,-0.4132746458053589,8.448797225952148,1.8170384168624878,-1.7544453144073486,-0.6059936285018921,-4.986447334289551,3.3587939739227295,0.8353550434112549,5.632604122161865,-6.377302169799805,-0.32944363355636597,-2.6663856506347656,7.0665388107299805,-8.464432716369629,-5.354900360107422,3.4819717407226562,-0.48795050382614136,4.265761375427246,0.8872907161712646,-0.3657759130001068,-5.358130931854248,6.263580322265625,0.02225109003484249,2.7793030738830566,-2.6053383350372314,5.045565605163574,-2.746598958969116,-1.1379706859588623,-0.17495934665203094,1.492169737815857,0.32593730092048645,3.3846781253814697,1.3617134094238281,-0.3098849654197693,0.33745160698890686,-0.14436481893062592,0.8290688395500183,0.712608277797699,-1.6865078210830688,-0.8157860040664673,-0.1911173164844513,1.3219105005264282,-0.8094638586044312,0.05974414944648743,1.9682716131210327,-0.795515775680542,-0.23271188139915466,-1.523192048072815,0.708487868309021,3.2007434368133545,0.28371661901474,0.37183526158332825,-0.3811042904853821,2.913983106613159,-2.059857130050659,-1.0264396667480469,0.7319599390029907,-2.2196366786956787,-0.016601083800196648,-3.422398805618286,-0.8914073705673218,-1.0949684381484985,0.833482563495636,1.7196862697601318,-0.025494547560811043,-0.7623763680458069,2.787078380584717,-0.8670747876167297,1.296946406364441,-1.630252480506897,-0.25296783447265625,-1.4583114385604858,0.703927755355835,-0.6772663593292236,-0.06810540705919266,0.6314412,0.62542427
84,-5.980216026306152,2.0506887435913086,-0.5328682065010071,3.7342581748962402,-9.713445663452148,8.057948112487793,2.875018358230591,-1.4221689701080322,-0.35898780822753906,-3.0858538150787354,2.855283260345459,-2.3483121395111084,2.821402072906494,-0.4517870545387268,-0.6330670118331909,-0.9107152819633484,2.828458070755005,-4.656308650970459,-6.001840591430664,3.3575634956359863,-0.6869928240776062,5.1199727058410645,-5.066836833953857,4.522529125213623,4.888628005981445,-5.393863677978516,-0.1419963240623474,-5.045057773590088,3.265554666519165,-6.6423845291137695,5.605534076690674,2.1133499145507812,-0.2566552460193634,-2.325007200241089,0.9683744311332703,-6.801490306854248,1.4078643321990967,-3.194674253463745,-0.4644676744937897,0.2407355159521103,-0.5719653964042664,-5.560844421386719,2.144545316696167,-3.229288101196289,-0.6679143905639648,-3.3658041954040527,1.0176162719726562,-2.5874874591827393,-3.048544406890869,-1.6186202764511108,-0.4624074399471283,5.340193748474121,-6.548405170440674,-1.5400468111038208,2.3884897232055664,3.049550771713257,-0.5528018474578857,-2.7060961723327637,-0.6527749300003052,0.03396644815802574,5.301271438598633,-1.3826110363006592,-0.34728437662124634,-10.942100524902344,5.481992244720459,-2.9455490112304688,-1.6257497072219849,1.500583291053772,-0.508958101272583,-0.7217618823051453,-2.9877841472625732,7.578236103057861,-5.857098579406738,2.7862963676452637,-0.3839266300201416,6.338873386383057,-7.154757976531982,6.892384052276611,3.5565054416656494,-1.6257017850875854,-0.6607089638710022,-4.052122592926025,1.2213999032974243,-1.3565905094146729,2.864009380340576,4.103154182434082,-0.48336535692214966,-6.766346454620361,5.050280570983887,-5.549330234527588,3.5239975452423096,1.0696238279342651,-0.17597153782844543,0.20327572524547577,0.24955296516418457,-4.810307025909424,0.6683762669563293,0.9527033567428589,0.31881093978881836,0.7493159770965576,0.29324865341186523,1.1681065559387207,-0.48208022117614746,0.30432283878326416,-0.25700095295906067,2.1937367916107178,-1.2391109466552734,-1.6678534746170044,2.929830551147461,0.22130516171455383,-0.12674616277217865,2.789471387863159,0.048415571451187134,-1.2996407747268677,3.138202667236328,5.451955318450928,0.2521679997444153,-2.448164939880371,2.2597179412841797,-3.433687925338745,-2.14898943901062,0.5891594886779785,-0.1389695405960083,0.2791772782802582,-1.1041489839553833,5.9039411544799805,6.638911724090576,-8.458105087280273,-0.2845647931098938,-0.10865534096956253,3.837336301803589,-9.072127342224121,-6.10513973236084,0.3214249908924103,-0.3395306169986725,1.1997568607330322,-1.0771090984344482,4.310194492340088,-1.7060744762420654,2.4519269466400146,-0.4729645252227783,0.9074597358703613,-0.6269071698188782,2.916025161743164,7.247448921203613,-2.0376832485198975,-0.28332918882369995,-8.485015869140625,0.10394462198019028,-2.058488607406616,-8.976766586303711,3.1837635040283203,-0.46934959292411804,3.109750509262085,-2.2163829803466797,8.040200233459473,-4.6029887199401855,0.2617098391056061,-0.24239040911197662,5.624184608459473,-3.270890235900879,0.8758044838905334,-2.695558786392212,-2.4301836490631104,-0.3419525623321533,2.2178328037261963,-4.671294689178467,1.121764063835144,-5.741189956665039,-0.360059916973114,-0.7903628349304199,3.215212345123291,-2.174705743789673,1.4072242975234985,4.659707546234131,-3.569334030151367,-0.5709189772605896,-2.025620460510254,-3.3331751823425293,-2.074537754058838,0.3209473788738251,-0.3250354826450348,-0.3034663796424866,-0.9208086133003235,0.8470113277435303,1.3984098434448242,-9.411296844482422,0.049222681671381,-0.5843783020973206,3.5994043350219727,-0.35098761320114136,8.453179359436035,1.837944507598877,-1.7343800067901611,-0.6077282428741455,-5.042945384979248,3.3294851779937744,0.860438883304596,5.654170036315918,-6.4004740715026855,-0.3304922878742218,-2.6742770671844482,7.096199989318848,-8.474340438842773,-5.352971076965332,3.513941764831543,-0.4884088635444641,4.304193019866943,0.8746005296707153,-0.40667980909347534,-5.392293453216553,6.303517818450928,0.02294730953872204,2.801586866378784,-2.5518980026245117,5.039470195770264,-2.756725788116455,-1.145330786705017,-0.17425327003002167,1.4681251049041748,0.3169827163219452,3.4116034507751465,1.3698428869247437,-0.3187399208545685,0.33729588985443115,-0.14339174330234528,0.834210216999054,0.7188805937767029,-1.692399501800537,-0.8113818764686584,-0.19188213348388672,1.30855393409729,-0.8014083504676819,0.07528388500213623,1.9804435968399048,-0.8218020796775818,-0.23237824440002441,-1.5437899827957153,0.7160139679908752,3.2432498931884766,0.294220507144928,0.36519500613212585,-0.3816027343273163,2.9226608276367188,-2.1046738624572754,-1.0391819477081299,0.7285527586936951,-2.2274911403656006,-0.01621343195438385,-3.431891441345215,-0.8924091458320618,-1.083600640296936,0.8282722234725952,1.7074167728424072,-0.025464728474617004,-0.7647591233253479,2.8041751384735107,-0.8619279265403748,1.29713773727417,-1.628699779510498,-0.25830885767936707,-1.4590073823928833,0.6998311877250671,-0.6765798926353455,-0.06772196292877197,0.6314412,0.6248072
85,-5.997762680053711,2.052597999572754,-0.5331144332885742,3.714853525161743,-9.802210807800293,8.091073989868164,2.885179042816162,-1.4345380067825317,-0.3586895763874054,-3.0871329307556152,2.8600358963012695,-2.355017900466919,2.8304314613342285,-0.43654298782348633,-0.632872462272644,-0.899901270866394,2.841304063796997,-4.683741092681885,-6.037342071533203,3.3610401153564453,-0.6862160563468933,5.132964134216309,-5.057292938232422,4.530026912689209,4.891833305358887,-5.451145172119141,-0.14081093668937683,-5.069304466247559,3.280052423477173,-6.623295307159424,5.632992744445801,2.1280300617218018,-0.2564012110233307,-2.2917401790618896,0.9528228640556335,-6.860727310180664,1.415734887123108,-3.246760845184326,-0.4646405577659607,0.24311169981956482,-0.6088355183601379,-5.559241771697998,2.1454150676727295,-3.2153356075286865,-0.6695975661277771,-3.388934373855591,1.0189647674560547,-2.5739636421203613,-3.055577278137207,-1.6139609813690186,-0.46442335844039917,5.36630392074585,-6.567674160003662,-1.553593635559082,2.383928060531616,3.052919864654541,-0.5523213148117065,-2.685915946960449,-0.6417763233184814,0.01774662546813488,5.314576625823975,-1.3647838830947876,-0.348033607006073,-10.98252010345459,5.5071892738342285,-2.932830810546875,-1.6423588991165161,1.4579598903656006,-0.5083310604095459,-0.7383528351783752,-2.9950199127197266,7.633995532989502,-5.8691840171813965,2.7917282581329346,-0.3838370442390442,6.3601250648498535,-7.1767964363098145,6.895862579345703,3.558255434036255,-1.6149719953536987,-0.6609190106391907,-4.0536956787109375,1.231704592704773,-1.37212336063385,2.855376958847046,4.143599510192871,-0.4842377007007599,-6.809385299682617,5.099915504455566,-5.541285037994385,3.560291051864624,1.1100475788116455,-0.1780833750963211,0.2168460637331009,0.20591004192829132,-4.858945846557617,0.6783294677734375,0.9613006711006165,0.3188399076461792,0.7530729174613953,0.30360662937164307,1.178257942199707,-0.49585676193237305,0.28197774291038513,-0.25731897354125977,2.2269792556762695,-1.2349982261657715,-1.6934365034103394,2.9478988647460938,0.21072298288345337,-0.12740635871887207,2.8212225437164307,0.03396507725119591,-1.3303569555282593,3.1688132286071777,5.510492324829102,0.2520606517791748,-2.4867515563964844,2.2487003803253174,-3.4460349082946777,-2.1274547576904297,0.584230899810791,-0.13933198153972626,0.2527969181537628,-1.1110349893569946,5.972283363342285,6.664646148681641,-8.501919746398926,-0.2844366133213043,-0.09619740396738052,3.836164712905884,-9.104155540466309,-6.119918346405029,0.3248112201690674,-0.3400833010673523,1.2005829811096191,-1.0562050342559814,4.327009677886963,-1.7217458486557007,2.4535305500030518,-0.47400254011154175,0.9264227151870728,-0.6051203608512878,2.913695812225342,7.281095027923584,-2.030836820602417,-0.2849123477935791,-8.545456886291504,0.06022540107369423,-2.0284721851348877,-9.006135940551758,3.1620492935180664,-0.4697759747505188,3.105231761932373,-2.199242353439331,8.082645416259766,-4.599157333374023,0.25704652070999146,-0.24295400083065033,5.647346496582031,-3.2893354892730713,0.8745232224464417,-2.7135276794433594,-2.476207733154297,-0.3407043516635895,2.2379672527313232,-4.691742420196533,1.1176575422286987,-5.760628700256348,-0.3334934711456299,-0.7901788353919983,3.2218828201293945,-2.1532225608825684,1.395330548286438,4.671606540679932,-3.568213701248169,-0.5705711245536804,-2.0208730697631836,-3.371091365814209,-2.1037492752075195,0.3406856954097748,-0.29953429102897644,-0.3036600649356842,-0.937056303024292,0.823716938495636,1.4016276597976685,-9.455464363098145,0.057080551981925964,-0.5841655731201172,3.628788948059082,-0.2886965572834015,8.457152366638184,1.8584274053573608,-1.7139911651611328,-0.609478771686554,-5.098443031311035,3.3003437519073486,0.8851182460784912,5.675392150878906,-6.423543930053711,-0.33153703808784485,-2.6823556423187256,7.125748634338379,-8.483689308166504,-5.350926876068115,3.5456066131591797,-0.48886269330978394,4.341869831085205,0.8610509634017944,-0.44726991653442383,-5.426279544830322,6.343169689178467,0.02366509847342968,2.823857307434082,-2.498565673828125,5.033074855804443,-2.7663896083831787,-1.1524603366851807,-0.17352056503295898,1.4444822072982788,0.30744585394859314,3.4380064010620117,1.3779008388519287,-0.3275567889213562,0.33713898062705994,-0.14240732789039612,0.8393521308898926,0.7251824736595154,-1.6981836557388306,-0.8068383932113647,-0.19265387952327728,1.2952505350112915,-0.792648196220398,0.09078837186098099,1.9923644065856934,-0.8481610417366028,-0.2320329248905182,-1.564296007156372,0.7237887978553772,3.285543203353882,0.30437320470809937,0.3583013713359833,-0.3821011185646057,2.9306535720825195,-2.1495361328125,-1.0514628887176514,0.7250266671180725,-2.2352426052093506,-0.015815403312444687,-3.441243886947632,-0.8929822444915771,-1.0721813440322876,0.8233043551445007,1.694902777671814,-0.025363434106111526,-0.7670208215713501,2.8213651180267334,-0.8567121624946594,1.2973064184188843,-1.6272066831588745,-0.26378852128982544,-1.4596142768859863,0.6958425045013428,-0.6759061217308044,-0.06741033494472504,0.6315908,0.6251157
86,-6.0152812004089355,2.054382801055908,-0.5333396196365356,3.6956863403320312,-9.890345573425293,8.12348747253418,2.895220994949341,-1.4468352794647217,-0.35836803913116455,-3.0884768962860107,2.86464524269104,-2.3614227771759033,2.839738368988037,-0.4211581349372864,-0.6326479911804199,-0.8893074989318848,2.852729558944702,-4.711056232452393,-6.071926116943359,3.3647384643554688,-0.6854106187820435,5.145669937133789,-5.048213958740234,4.53700065612793,4.895374774932861,-5.5084428787231445,-0.13957373797893524,-5.093912124633789,3.293787717819214,-6.6037821769714355,5.66011381149292,2.1423871517181396,-0.2561092674732208,-2.258111000061035,0.9372498393058777,-6.920098304748535,1.4238595962524414,-3.299356698989868,-0.4648047983646393,0.2452678233385086,-0.645948588848114,-5.557348728179932,2.1462209224700928,-3.2010834217071533,-0.6712890863418579,-3.412325382232666,1.0203624963760376,-2.5601613521575928,-3.0626795291900635,-1.6092205047607422,-0.46644824743270874,5.391599178314209,-6.586165428161621,-1.5668292045593262,2.3789496421813965,3.0558462142944336,-0.5518051385879517,-2.6655352115631104,-0.6298617720603943,0.001509954920038581,5.32773494720459,-1.3471487760543823,-0.3487694263458252,-11.022174835205078,5.53250789642334,-2.9198641777038574,-1.659112811088562,1.414790153503418,-0.5076588988304138,-0.754707932472229,-3.0017499923706055,7.689192771911621,-5.881385326385498,2.7971842288970947,-0.38372036814689636,6.3813934326171875,-7.197804927825928,6.899163246154785,3.560060977935791,-1.6036432981491089,-0.6611113548278809,-4.055117130279541,1.2420786619186401,-1.3877812623977661,2.846799373626709,4.183502674102783,-0.48511359095573425,-6.852372646331787,5.148889541625977,-5.532818794250488,3.596082925796509,1.1501706838607788,-0.18020515143871307,0.23007136583328247,0.16283553838729858,-4.907063961029053,0.688406765460968,0.9698327779769897,0.3188689947128296,0.7568535208702087,0.31399524211883545,1.1883854866027832,-0.5097292065620422,0.25939375162124634,-0.25764229893684387,2.259730815887451,-1.2311244010925293,-1.7188326120376587,2.965458869934082,0.19997690618038177,-0.1280723214149475,2.853039264678955,0.020457882434129715,-1.3608366250991821,3.199566602706909,5.568586826324463,0.2519499957561493,-2.52534556388855,2.2371721267700195,-3.458045721054077,-2.1059823036193848,0.5793746113777161,-0.13969895243644714,0.22668351233005524,-1.1180216073989868,6.040122032165527,6.689886093139648,-8.544846534729004,-0.28429076075553894,-0.08394310623407364,3.8351218700408936,-9.136263847351074,-6.134389877319336,0.32878872752189636,-0.3406233489513397,1.2018741369247437,-1.035471796989441,4.343397617340088,-1.7371249198913574,2.4551870822906494,-0.4750499129295349,0.9453060626983643,-0.5839006304740906,2.9111063480377197,7.314332008361816,-2.0241150856018066,-0.28651484847068787,-8.605426788330078,0.016445960849523544,-1.9987162351608276,-9.03487491607666,3.1405186653137207,-0.4701935052871704,3.100757122039795,-2.1828536987304688,8.124619483947754,-4.5955705642700195,0.25244420766830444,-0.24351049959659576,5.670284748077393,-3.3072125911712646,0.8731219172477722,-2.731250286102295,-2.522254228591919,-0.3394235372543335,2.257922410964966,-4.712073802947998,1.1136791706085205,-5.7795796394348145,-0.30678969621658325,-0.7899763584136963,3.2283549308776855,-2.132213830947876,1.383347988128662,4.682972431182861,-3.5670952796936035,-0.5701899528503418,-2.0162694454193115,-3.407973051071167,-2.1326661109924316,0.3607420325279236,-0.274369478225708,-0.303841769695282,-0.9530691504478455,0.7999817132949829,1.4049513339996338,-9.499354362487793,0.06514696031808853,-0.583938479423523,3.6583516597747803,-0.2264414131641388,8.460667610168457,1.878495693206787,-1.6932978630065918,-0.611246645450592,-5.152953624725342,3.2714014053344727,0.9094123840332031,5.696383476257324,-6.4464263916015625,-0.33258023858070374,-2.6906213760375977,7.155125141143799,-8.492554664611816,-5.3488383293151855,3.576990842819214,-0.4893147051334381,4.3788838386535645,0.8466876149177551,-0.4875181317329407,-5.4599785804748535,6.382481098175049,0.02440478466451168,2.846121311187744,-2.4454638957977295,5.026382923126221,-2.7756190299987793,-1.1593669652938843,-0.17276088893413544,1.421226143836975,0.2973710000514984,3.4638638496398926,1.3858777284622192,-0.336337685585022,0.3369804918766022,-0.14141346514225006,0.8444968461990356,0.731525719165802,-1.7039084434509277,-0.8021506667137146,-0.19343127310276031,1.2820141315460205,-0.7832158803939819,0.10624440759420395,2.004016399383545,-0.8745810389518738,-0.23167219758033752,-1.5846971273422241,0.7317960858345032,3.327596664428711,0.3141736686229706,0.35116463899612427,-0.38259848952293396,2.9380242824554443,-2.19433331489563,-1.0632832050323486,0.7213823199272156,-2.2429287433624268,-0.015407534316182137,-3.450474977493286,-0.8931552767753601,-1.0607351064682007,0.8185287714004517,1.6821740865707397,-0.02518821693956852,-0.7691622972488403,2.838676929473877,-0.851401686668396,1.297439694404602,-1.625766396522522,-0.2694115936756134,-1.4601365327835083,0.691980242729187,-0.6752470135688782,-0.06717343628406525,0.63174033,0.6244986
87,-6.0327019691467285,2.056020975112915,-0.5335547924041748,3.676712989807129,-9.97795295715332,8.155406951904297,2.9051079750061035,-1.4590671062469482,-0.358017235994339,-3.0898869037628174,2.8691165447235107,-2.3675265312194824,2.8493380546569824,-0.4056456983089447,-0.6324167847633362,-0.87893146276474,2.862790822982788,-4.738345146179199,-6.105696678161621,3.3686397075653076,-0.6845759749412537,5.158112049102783,-5.039661407470703,4.543486595153809,4.89914083480835,-5.56575345993042,-0.13828665018081665,-5.1189093589782715,3.306781768798828,-6.583938121795654,5.686862945556641,2.156402826309204,-0.2557721734046936,-2.224148750305176,0.9216578006744385,-6.979510307312012,1.4321894645690918,-3.352466344833374,-0.4649622440338135,0.2472275197505951,-0.6832464337348938,-5.555148601531982,2.146993637084961,-3.1865487098693848,-0.6729883551597595,-3.4358949661254883,1.0217901468276978,-2.5460994243621826,-3.0698189735412598,-1.6044082641601562,-0.46848398447036743,5.416142463684082,-6.603847503662109,-1.579754114151001,2.3735790252685547,3.0583395957946777,-0.5512547492980957,-2.644911527633667,-0.6170610189437866,-0.014756856486201286,5.340799808502197,-1.3296735286712646,-0.3494964838027954,-11.06125545501709,5.557889461517334,-2.906668186187744,-1.6759833097457886,1.3711216449737549,-0.5069446563720703,-0.7708685398101807,-3.0080716609954834,7.744007110595703,-5.893731117248535,2.80265212059021,-0.3835698068141937,6.402748107910156,-7.217864036560059,6.902239799499512,3.5619442462921143,-1.5917479991912842,-0.6612862348556519,-4.056394577026367,1.2524958848953247,-1.403555154800415,2.838240623474121,4.222836017608643,-0.4859967529773712,-6.895330429077148,5.1971306800842285,-5.524085521697998,3.6313424110412598,1.1899988651275635,-0.1823384016752243,0.24296362698078156,0.12035559862852097,-4.95473051071167,0.6986067891120911,0.9782978892326355,0.3188987970352173,0.7606549263000488,0.32441064715385437,1.198461651802063,-0.5236767530441284,0.23659071326255798,-0.25796523690223694,2.2919809818267822,-1.2274738550186157,-1.744035243988037,2.9825081825256348,0.18908147513866425,-0.12874092161655426,2.884899377822876,0.007864941842854023,-1.391075611114502,3.2304887771606445,5.626356601715088,0.25184234976768494,-2.563939332962036,2.225144624710083,-3.469738006591797,-2.084573984146118,0.574590265750885,-0.14006772637367249,0.2008410543203354,-1.1251232624053955,6.107354640960693,6.714687824249268,-8.586923599243164,-0.28412672877311707,-0.0718906819820404,3.8342087268829346,-9.168118476867676,-6.148448944091797,0.3333592414855957,-0.3411593437194824,1.2035897970199585,-1.0149353742599487,4.359303951263428,-1.7522022724151611,2.456873893737793,-0.47610533237457275,0.9641024470329285,-0.5632342100143433,2.908281087875366,7.347207546234131,-2.017483949661255,-0.2881326675415039,-8.664936065673828,-0.02733963541686535,-1.969240427017212,-9.063262939453125,3.1191954612731934,-0.47060173749923706,3.0963003635406494,-2.16719651222229,8.166202545166016,-4.592123031616211,0.24790059030056,-0.24405495822429657,5.692962646484375,-3.3245179653167725,0.8716010451316833,-2.7487316131591797,-2.5683131217956543,-0.3381098210811615,2.2777130603790283,-4.732260704040527,1.1098194122314453,-5.798117160797119,-0.2799481153488159,-0.7897505164146423,3.234712600708008,-2.1116678714752197,1.371277928352356,4.69387149810791,-3.5659615993499756,-0.5697740912437439,-2.011809825897217,-3.4438254833221436,-2.1612708568573,0.3810885548591614,-0.24954791367053986,-0.30401623249053955,-0.9688193798065186,0.7758408188819885,1.408366322517395,-9.54294204711914,0.07339712977409363,-0.5836921334266663,3.688021183013916,-0.16425861418247223,8.463683128356934,1.8981472253799438,-1.6723154783248901,-0.6130358576774597,-5.206492900848389,3.242647886276245,0.9333131909370422,5.71708345413208,-6.469172954559326,-0.3336176574230194,-2.699084758758545,7.184428691864014,-8.500909805297852,-5.346658706665039,3.608039140701294,-0.48976555466651917,4.415215492248535,0.8315919041633606,-0.5274277925491333,-5.493417263031006,6.421452045440674,0.025167085230350494,2.8683865070343018,-2.3926477432250977,5.019463062286377,-2.7843992710113525,-1.1660354137420654,-0.17196938395500183,1.3983720541000366,0.2868141531944275,3.4892213344573975,1.3937852382659912,-0.34508222341537476,0.33681848645210266,-0.14040955901145935,0.8496391177177429,0.7379016876220703,-1.7095627784729004,-0.7973125576972961,-0.1942158043384552,1.2688710689544678,-0.773125410079956,0.12162978947162628,2.0154285430908203,-0.9010732769966125,-0.2312965989112854,-1.6050145626068115,0.7400155663490295,3.3694353103637695,0.32362911105155945,0.34380730986595154,-0.3831021189689636,2.944777488708496,-2.23901629447937,-1.0746527910232544,0.7176387906074524,-2.2505545616149902,-0.014989153482019901,-3.4596121311187744,-0.8929608464241028,-1.049262285232544,0.8139498829841614,1.6692427396774292,-0.024937137961387634,-0.7711657881736755,2.8560900688171387,-0.8460339307785034,1.2975480556488037,-1.6243985891342163,-0.27517828345298767,-1.4605770111083984,0.6882324814796448,-0.6746015548706055,-0.0669979453086853,0.6315658,0.6244986
88,-6.049936294555664,2.057532548904419,-0.533754825592041,3.657963275909424,-10.064953804016113,8.18685245513916,2.914862632751465,-1.4712413549423218,-0.35764676332473755,-3.091325044631958,2.873467445373535,-2.373344659805298,2.8592348098754883,-0.3900216221809387,-0.632161021232605,-0.8687886595726013,2.8715574741363525,-4.76552677154541,-6.138631343841553,3.3727378845214844,-0.6837096810340881,5.170307159423828,-5.031726837158203,4.549520492553711,4.903109550476074,-5.6230058670043945,-0.13694603741168976,-5.144159317016602,3.319047212600708,-6.563699722290039,5.713187217712402,2.1701619625091553,-0.2553958296775818,-2.1898741722106934,0.906033992767334,-7.039058208465576,1.440724492073059,-3.4060094356536865,-0.46511611342430115,0.24899472296237946,-0.7206550240516663,-5.552646160125732,2.147709846496582,-3.1717474460601807,-0.6746973991394043,-3.4596798419952393,1.0232375860214233,-2.5317752361297607,-3.0770537853240967,-1.5995248556137085,-0.47052714228630066,5.43991756439209,-6.620731830596924,-1.592369556427002,2.3678486347198486,3.060462474822998,-0.5506742596626282,-2.624082565307617,-0.6034104228019714,-0.031039755791425705,5.353757858276367,-1.3123745918273926,-0.3502084016799927,-11.099556922912598,5.583285331726074,-2.8932254314422607,-1.6929407119750977,1.3269621133804321,-0.5061742067337036,-0.7868648171424866,-3.013943672180176,7.798346519470215,-5.906228065490723,2.808121681213379,-0.3833877146244049,6.424073219299316,-7.2369160652160645,6.905093669891357,3.5638985633850098,-1.579296350479126,-0.6614352464675903,-4.057554244995117,1.262945532798767,-1.4194302558898926,2.829716920852661,4.261594295501709,-0.486890971660614,-6.938208103179932,5.244696617126465,-5.515047073364258,3.666121006011963,1.2295174598693848,-0.18448220193386078,0.255535364151001,0.07848396897315979,-5.001911163330078,0.7089255452156067,0.9867100715637207,0.3189280331134796,0.7644709944725037,0.33484822511672974,1.2084914445877075,-0.5376912951469421,0.21358419954776764,-0.2582901120185852,2.3237409591674805,-1.2240550518035889,-1.7690523862838745,2.9991040229797363,0.1780506819486618,-0.12941555678844452,2.9167604446411133,-0.0038477908819913864,-1.4210549592971802,3.261543035507202,5.683771133422852,0.2517364025115967,-2.6025238037109375,2.2126641273498535,-3.4811105728149414,-2.0632288455963135,0.5698757767677307,-0.14044024050235748,0.17527209222316742,-1.1323386430740356,6.174044609069824,6.739067077636719,-8.628280639648438,-0.28394410014152527,-0.06003619730472565,3.8334755897521973,-9.199950218200684,-6.16219425201416,0.33851712942123413,-0.34168314933776855,1.2057064771652222,-0.9946038126945496,4.374786853790283,-1.766972541809082,2.458611249923706,-0.47716912627220154,0.9828086495399475,-0.5431137681007385,2.9052517414093018,7.379748344421387,-2.010974407196045,-0.28976336121559143,-8.723796844482422,-0.07108904421329498,-1.9400582313537598,-9.090935707092285,3.098093271255493,-0.47099757194519043,3.091874122619629,-2.1522936820983887,8.207096099853516,-4.588870048522949,0.24341066181659698,-0.2445903718471527,5.715411186218262,-3.3413503170013428,0.8699659109115601,-2.7659225463867188,-2.6143620014190674,-0.3367640972137451,2.2972538471221924,-4.752367973327637,1.106062889099121,-5.816256999969482,-0.25298139452934265,-0.789506196975708,3.240880012512207,-2.0915794372558594,1.359124779701233,4.704331398010254,-3.5648114681243896,-0.5693070292472839,-2.0075180530548096,-3.4786388874053955,-2.1895618438720703,0.40170180797576904,-0.22507299482822418,-0.3041801154613495,-0.9843229055404663,0.751316249370575,1.4118661880493164,-9.586360931396484,0.0818011462688446,-0.5834247469902039,3.7178192138671875,-0.10219191759824753,8.466450691223145,1.9174336194992065,-1.6510660648345947,-0.6148298978805542,-5.259062767028809,3.214113712310791,0.9568416476249695,5.737451553344727,-6.491865634918213,-0.33465519547462463,-2.7076611518859863,7.213517189025879,-8.50887393951416,-5.344423770904541,3.638760566711426,-0.49021315574645996,4.4507856369018555,0.8158135414123535,-0.5669703483581543,-5.526586055755615,6.4601006507873535,0.02595234103500843,2.8906147480010986,-2.3402035236358643,5.012300491333008,-2.792818546295166,-1.1724903583526611,-0.17114801704883575,1.3758900165557861,0.27581506967544556,3.514096260070801,1.4016077518463135,-0.3537857234477997,0.33665499091148376,-0.13939490914344788,0.8547857999801636,0.744310200214386,-1.7151557207107544,-0.7923399806022644,-0.1950080543756485,1.255824327468872,-0.7624058723449707,0.13692837953567505,2.0266401767730713,-0.9276332855224609,-0.23090703785419464,-1.625240683555603,0.7484261989593506,3.4110279083251953,0.33275315165519714,0.3362519443035126,-0.38360893726348877,2.9509341716766357,-2.2835896015167236,-1.0855844020843506,0.713808536529541,-2.258112907409668,-0.01455999631434679,-3.4686098098754883,-0.8924130797386169,-1.0377802848815918,0.8095808029174805,1.6561497449874878,-0.024607867002487183,-0.7730740904808044,2.8736417293548584,-0.8405922055244446,1.2976353168487549,-1.6230837106704712,-0.28108930587768555,-1.4609463214874268,0.6846016645431519,-0.6739688515663147,-0.06689277291297913,0.6315658,0.6251157
89,-6.0671067237854,2.0589065551757812,-0.5339431762695312,3.63948130607605,-10.151327133178711,8.217850685119629,2.9244863986968994,-1.4833471775054932,-0.3572474420070648,-3.0928285121917725,2.877676010131836,-2.3788740634918213,2.869405508041382,-0.37431100010871887,-0.6318791508674622,-0.858842134475708,2.879110097885132,-4.792683124542236,-6.170729637145996,3.377042770385742,-0.6828061938285828,5.182226181030273,-5.024348735809326,4.555107116699219,4.907342910766602,-5.68017053604126,-0.13555215299129486,-5.169790267944336,3.330627202987671,-6.543076992034912,5.739224910736084,2.1837058067321777,-0.2549755871295929,-2.1553704738616943,0.890372097492218,-7.0987701416015625,1.449414610862732,-3.4600512981414795,-0.46526169776916504,0.2506001889705658,-0.7581334710121155,-5.549979209899902,2.148404598236084,-3.1567211151123047,-0.6764178276062012,-3.483672857284546,1.0247076749801636,-2.517259120941162,-3.0843358039855957,-1.5946018695831299,-0.4725815951824188,5.463050842285156,-6.636839389801025,-1.6046993732452393,2.36177921295166,3.062209367752075,-0.5500394701957703,-2.6030569076538086,-0.5889443755149841,-0.04735073447227478,5.36654806137085,-1.295275330543518,-0.35091012716293335,-11.137306213378906,5.608828544616699,-2.8796439170837402,-1.7099437713623047,1.2823697328567505,-0.5053565502166748,-0.8027058839797974,-3.0194239616394043,7.852244853973389,-5.918863296508789,2.8136138916015625,-0.3831731379032135,6.44537878036499,-7.255007266998291,6.907741069793701,3.5659432411193848,-1.566333532333374,-0.6615670323371887,-4.058660984039307,1.2734366655349731,-1.4354108572006226,2.8212573528289795,4.299811363220215,-0.48778724670410156,-6.981036186218262,5.29157018661499,-5.5056962966918945,3.7003889083862305,1.2687318325042725,-0.18663756549358368,0.2678068280220032,0.037243492901325226,-5.048606872558594,0.7193664312362671,0.9950584769248962,0.3189578354358673,0.7683144211769104,0.3453041613101959,1.2184720039367676,-0.5517457127571106,0.19038744270801544,-0.2586159408092499,2.3550515174865723,-1.220848798751831,-1.7938438653945923,3.0152103900909424,0.16689974069595337,-0.13009314239025116,2.9486382007598877,-0.014713466167449951,-1.4507631063461304,3.2927136421203613,5.740871906280518,0.25162842869758606,-2.6410632133483887,2.1997313499450684,-3.4921696186065674,-2.0419704914093018,0.5652334094047546,-0.14081434905529022,0.14998091757297516,-1.1396453380584717,6.240183353424072,6.763053894042969,-8.6687650680542,-0.2837488651275635,-0.04836763069033623,3.832904815673828,-9.231732368469238,-6.175632476806641,0.3442523777484894,-0.3422020375728607,1.2082388401031494,-0.974490225315094,4.389810085296631,-1.781448245048523,2.460353374481201,-0.4782423973083496,1.00142240524292,-0.5235182642936707,2.9020180702209473,7.411990642547607,-2.0046181678771973,-0.29141125082969666,-8.782301902770996,-0.11474940180778503,-1.911205530166626,-9.11823844909668,3.0771875381469727,-0.47138428688049316,3.0875236988067627,-2.1380836963653564,8.247520446777344,-4.585840702056885,0.238970547914505,-0.24511682987213135,5.737607479095459,-3.3577046394348145,0.8682238459587097,-2.7828638553619385,-2.6604228019714355,-0.33538544178009033,2.316612482070923,-4.772451877593994,1.1024271249771118,-5.834004878997803,-0.2258974313735962,-0.7892290353775024,3.246906280517578,-2.071939468383789,1.3468996286392212,4.71435546875,-3.5636138916015625,-0.5688096880912781,-2.0033633708953857,-3.5124728679656982,-2.2175142765045166,0.4225570857524872,-0.2009519338607788,-0.304334819316864,-0.999573826789856,0.7264414429664612,1.4154314994812012,-9.629547119140625,0.09032870829105377,-0.5831329226493835,3.7477288246154785,-0.04028261452913284,8.468878746032715,1.9363385438919067,-1.6295678615570068,-0.6166489720344543,-5.310667991638184,3.1858465671539307,0.9800001382827759,5.757577419281006,-6.514477252960205,-0.3356938064098358,-2.7163891792297363,7.242443561553955,-8.516365051269531,-5.3422417640686035,3.669151782989502,-0.4906593859195709,4.485713005065918,0.7994272112846375,-0.6061345934867859,-5.559397220611572,6.498432636260986,0.026761669665575027,2.9127895832061768,-2.2882542610168457,5.00485897064209,-2.8008382320404053,-1.1787207126617432,-0.170297309756279,1.3537936210632324,0.26441746950149536,3.538534641265869,1.4093631505966187,-0.362451434135437,0.3364894986152649,-0.13837173581123352,0.8599402904510498,0.7507482171058655,-1.7206991910934448,-0.7872254252433777,-0.1958085298538208,1.2428709268569946,-0.7510764002799988,0.15212441980838776,2.0376248359680176,-0.9542617797851562,-0.23050154745578766,-1.6453639268875122,0.756989061832428,3.4524197578430176,0.34154850244522095,0.3285180628299713,-0.3841208815574646,2.9565508365631104,-2.3279855251312256,-1.096102237701416,0.7099004983901978,-2.2656185626983643,-0.014119748026132584,-3.477504014968872,-0.8915346264839172,-1.026296615600586,0.8053995370864868,1.6428823471069336,-0.024197883903980255,-0.7748283743858337,2.8913400173187256,-0.8351062536239624,1.2976915836334229,-1.6218008995056152,-0.2871467173099518,-1.4612396955490112,0.6810730695724487,-0.6733564734458923,-0.06685900688171387,0.6316157,0.62604135
90,-6.08418607711792,2.0601208209991455,-0.5341236591339111,3.6212189197540283,-10.236992835998535,8.248310089111328,2.9339473247528076,-1.49539053440094,-0.35682448744773865,-3.094416856765747,2.88173770904541,-2.3841190338134766,2.879814386367798,-0.3585300147533417,-0.6315769553184509,-0.8490996360778809,2.885443687438965,-4.819725513458252,-6.2020583152771,3.38147234916687,-0.6818707585334778,5.193892002105713,-5.017560005187988,4.560308456420898,4.911837577819824,-5.737269878387451,-0.1341014802455902,-5.195703506469727,3.341538190841675,-6.522163391113281,5.764951229095459,2.197053909301758,-0.2545071840286255,-2.1206107139587402,0.8746414184570312,-7.15849494934082,1.458254098892212,-3.5144827365875244,-0.4653927981853485,0.2520486116409302,-0.7956181764602661,-5.547018527984619,2.1490836143493652,-3.14143967628479,-0.6781505942344666,-3.507805824279785,1.0261483192443848,-2.5025367736816406,-3.0916829109191895,-1.5896434783935547,-0.4746462106704712,5.485487937927246,-6.652194499969482,-1.6167631149291992,2.3553688526153564,3.0635898113250732,-0.549367368221283,-2.581888437271118,-0.5737102031707764,-0.06369145214557648,5.37925910949707,-1.278362512588501,-0.3515979051589966,-11.174324035644531,5.634420394897461,-2.8658607006073,-1.7269924879074097,1.2373757362365723,-0.5044861435890198,-0.8184266686439514,-3.0245821475982666,7.9057159423828125,-5.931659698486328,2.8190999031066895,-0.38292086124420166,6.4667205810546875,-7.272183418273926,6.910182476043701,3.5680854320526123,-1.5528500080108643,-0.6616740226745605,-4.059678077697754,1.2839471101760864,-1.4514830112457275,2.812896728515625,4.337527275085449,-0.4886924624443054,-7.023804664611816,5.337639808654785,-5.496018886566162,3.734149694442749,1.3076313734054565,-0.18880416452884674,0.27977630496025085,-0.003353278851136565,-5.094741344451904,0.7299254536628723,1.0033525228500366,0.31898751854896545,0.7721796035766602,0.3557772636413574,1.2284091711044312,-0.5658352971076965,0.16701339185237885,-0.25894448161125183,2.3858792781829834,-1.2178486585617065,-1.8184409141540527,3.0308613777160645,0.1556398570537567,-0.13077540695667267,2.9805188179016113,-0.024760819971561432,-1.4801982641220093,3.3239657878875732,5.797694683074951,0.2515248954296112,-2.679582357406616,2.1864383220672607,-3.502944231033325,-2.020782232284546,0.5606634616851807,-0.14118999242782593,0.12496919929981232,-1.1470518112182617,6.305701732635498,6.786633491516113,-8.708450317382812,-0.28352904319763184,-0.036896757781505585,3.832564353942871,-9.2633638381958,-6.18874454498291,0.350555419921875,-0.34271103143692017,1.2111369371414185,-0.9546281695365906,4.404423236846924,-1.7956479787826538,2.4621081352233887,-0.4793226718902588,1.0199785232543945,-0.5044277906417847,2.898569107055664,7.443848609924316,-1.9983874559402466,-0.29307565093040466,-8.840333938598633,-0.15828002989292145,-1.882636308670044,-9.14501953125,3.056544065475464,-0.47175928950309753,3.0832412242889404,-2.1246097087860107,8.287393569946289,-4.582924842834473,0.234571635723114,-0.24563172459602356,5.759551525115967,-3.373594284057617,0.8663811683654785,-2.7995169162750244,-2.7064497470855713,-0.3339700698852539,2.335702896118164,-4.792604446411133,1.0989177227020264,-5.851413726806641,-0.1986987590789795,-0.7889248132705688,3.2527949810028076,-2.0527806282043457,1.3346015214920044,4.723968029022217,-3.5624542236328125,-0.5682729482650757,-1.9993969202041626,-3.54533052444458,-2.2451236248016357,0.44363024830818176,-0.17718708515167236,-0.30447810888290405,-1.0145790576934814,0.7012431025505066,1.4190443754196167,-9.67253303527832,0.09895510226488113,-0.5828182101249695,3.7777278423309326,0.021424857899546623,8.470876693725586,1.9548619985580444,-1.6078596115112305,-0.6184849143028259,-5.361367225646973,3.157808542251587,1.0027928352355957,5.777420520782471,-6.536991596221924,-0.33673107624053955,-2.725259780883789,7.271130561828613,-8.523414611816406,-5.340012073516846,3.699208974838257,-0.4911012053489685,4.520038604736328,0.7824985980987549,-0.6449118256568909,-5.591829776763916,6.536383628845215,0.02759540267288685,2.9349451065063477,-2.2368836402893066,4.997307777404785,-2.808488607406616,-1.184747338294983,-0.16941604018211365,1.332072138786316,0.2526628077030182,3.5625035762786865,1.4170520305633545,-0.37107840180397034,0.33632147312164307,-0.13733774423599243,0.8651027679443359,0.7572177052497864,-1.7261840105056763,-0.7819713354110718,-0.19661611318588257,1.2300701141357422,-0.739173173904419,0.1672077775001526,2.048377752304077,-0.9809586405754089,-0.23008006811141968,-1.6653900146484375,0.7656932473182678,3.4935929775238037,0.35002508759498596,0.3206263780593872,-0.38463911414146423,2.9616360664367676,-2.3722009658813477,-1.10621178150177,0.7059376835823059,-2.2731008529663086,-0.013668089173734188,-3.4863224029541016,-0.8903459310531616,-1.0148231983184814,0.80137699842453,1.6294857263565063,-0.02370441146194935,-0.776473343372345,2.9091665744781494,-0.8295662999153137,1.297722339630127,-1.6205799579620361,-0.29335224628448486,-1.461471438407898,0.6776834726333618,-0.6727616190910339,-0.06687960028648376,0.63174033,0.6257328
91,-6.101169586181641,2.061239719390869,-0.5342886447906494,3.603206157684326,-10.321901321411133,8.278191566467285,2.9433133602142334,-1.5073784589767456,-0.3563727140426636,-3.096102714538574,2.8856632709503174,-2.38909649848938,2.8904733657836914,-0.34269291162490845,-0.6312535405158997,-0.8395576477050781,2.890653133392334,-4.846710681915283,-6.232587814331055,3.3860511779785156,-0.6809036135673523,5.20529317855835,-5.011397361755371,4.565093994140625,4.916546821594238,-5.794365406036377,-0.13259360194206238,-5.2219038009643555,3.3518226146698,-6.500916957855225,5.790342330932617,2.210207223892212,-0.2539921700954437,-2.085672378540039,0.8588510751724243,-7.218263626098633,1.4672279357910156,-3.5693345069885254,-0.46551626920700073,0.2533496022224426,-0.8330451846122742,-5.543896675109863,2.149747848510742,-3.1259758472442627,-0.6798852682113647,-3.5321195125579834,1.027600646018982,-2.4876065254211426,-3.0991010665893555,-1.5846840143203735,-0.4767248034477234,5.50734281539917,-6.666769504547119,-1.628559947013855,2.3486499786376953,3.0645973682403564,-0.5486493110656738,-2.56058669090271,-0.5577311515808105,-0.08004993200302124,5.391843795776367,-1.2616430521011353,-0.3522723913192749,-11.210772514343262,5.660064697265625,-2.8519234657287598,-1.7440781593322754,1.1920042037963867,-0.5035606622695923,-0.8340515494346619,-3.0293970108032227,7.958719730377197,-5.944590091705322,2.8246359825134277,-0.3826310932636261,6.488083839416504,-7.288393020629883,6.9124603271484375,3.5703251361846924,-1.5388716459274292,-0.661754310131073,-4.060622692108154,1.294488549232483,-1.467637538909912,2.80458927154541,4.374727249145508,-0.48960521817207336,-7.0664520263671875,5.383038520812988,-5.486095428466797,3.767409324645996,1.3462213277816772,-0.19098399579524994,0.2914605140686035,-0.04327722638845444,-5.140368938446045,0.7406029105186462,1.0115962028503418,0.31901657581329346,0.7760646343231201,0.3662627935409546,1.2382960319519043,-0.5799499750137329,0.14348331093788147,-0.2592753469944,2.416220188140869,-1.215061068534851,-1.842840552330017,3.0460383892059326,0.1442861109972,-0.13146370649337769,3.0123515129089355,-0.034019917249679565,-1.5093328952789307,3.3553104400634766,5.854208469390869,0.2514192461967468,-2.7180469036102295,2.1728038787841797,-3.5134313106536865,-1.9997410774230957,0.5561652779579163,-0.14156964421272278,0.10024243593215942,-1.1545544862747192,6.370638847351074,6.809762001037598,-8.747307777404785,-0.2832961678504944,-0.025618204846978188,3.8325037956237793,-9.29489517211914,-6.2015204429626465,0.3574228882789612,-0.34321534633636475,1.2144062519073486,-0.9350119829177856,4.418598651885986,-1.8095594644546509,2.4639089107513428,-0.48041442036628723,1.0384531021118164,-0.4858130216598511,2.8949358463287354,7.475427627563477,-1.9922823905944824,-0.2947617173194885,-8.897743225097656,-0.20162567496299744,-1.854379415512085,-9.17129135131836,3.0361433029174805,-0.47212719917297363,3.0790598392486572,-2.111816167831421,8.326918601989746,-4.580209255218506,0.2302149385213852,-0.246137797832489,5.781224250793457,-3.389066219329834,0.8644282817840576,-2.815861940383911,-2.7524194717407227,-0.3325200080871582,2.3545515537261963,-4.812780380249023,1.095536231994629,-5.868457317352295,-0.171392023563385,-0.7885851860046387,3.2585508823394775,-2.034069299697876,1.3222407102584839,4.733173847198486,-3.5612716674804688,-0.5676916837692261,-1.9956042766571045,-3.577230453491211,-2.2723476886749268,0.46489211916923523,-0.1537778675556183,-0.3046121895313263,-1.0293357372283936,0.6757545471191406,1.422711730003357,-9.715310096740723,0.10765334963798523,-0.5824909210205078,3.807800054550171,0.08289582282304764,8.472555160522461,1.973013162612915,-1.5859460830688477,-0.6203386187553406,-5.4111714363098145,3.13006854057312,1.025230884552002,5.797019958496094,-6.559415340423584,-0.33776870369911194,-2.734250545501709,7.29964017868042,-8.530097007751465,-5.337792873382568,3.7289156913757324,-0.49154362082481384,4.553677558898926,0.7650937438011169,-0.6832932829856873,-5.62394905090332,6.5740132331848145,0.028454167768359184,2.9570021629333496,-2.186105489730835,4.989502429962158,-2.8157808780670166,-1.190561056137085,-0.16850237548351288,1.3106952905654907,0.2406032681465149,3.5860209465026855,1.4246796369552612,-0.379666268825531,0.33615222573280334,-0.13629509508609772,0.8702741861343384,0.7637130618095398,-1.7316316366195679,-0.7765911221504211,-0.19743281602859497,1.2174142599105835,-0.7267128825187683,0.18215781450271606,2.0589401721954346,-1.007724642753601,-0.2296430915594101,-1.6853090524673462,0.7745081186294556,3.534536600112915,0.35818737745285034,0.3125903308391571,-0.3851570188999176,2.9662463665008545,-2.4161016941070557,-1.1159286499023438,0.7019193768501282,-2.28055739402771,-0.013204678893089294,-3.495009660720825,-0.8888739943504333,-1.0033800601959229,0.7975077629089355,1.6159542798995972,-0.023125238716602325,-0.7780050039291382,2.927175998687744,-0.823986828327179,1.2977231740951538,-1.6194095611572266,-0.29970690608024597,-1.4616398811340332,0.6743668913841248,-0.67218017578125,-0.06696446239948273,0.6316655,0.6257328
92,-6.118032932281494,2.062241792678833,-0.5344428420066833,3.585430145263672,-10.406181335449219,8.307558059692383,2.9525749683380127,-1.5192961692810059,-0.3558928668498993,-3.097852945327759,2.8893957138061523,-2.3937366008758545,2.9013400077819824,-0.326816201210022,-0.6309087872505188,-0.8302017450332642,2.894784450531006,-4.873650074005127,-6.262327194213867,3.3907861709594727,-0.6798843741416931,5.216488838195801,-5.005813121795654,4.569499969482422,4.921469211578369,-5.85133695602417,-0.1310257613658905,-5.248331069946289,3.36146879196167,-6.4794182777404785,5.815402507781982,2.22318959236145,-0.25343412160873413,-2.050568103790283,0.8429934978485107,-7.278125762939453,1.476320743560791,-3.624568223953247,-0.46563369035720825,0.2545221447944641,-0.8703838586807251,-5.540516376495361,2.1503746509552,-3.110314130783081,-0.6816356778144836,-3.5565438270568848,1.0290225744247437,-2.472499132156372,-3.1066184043884277,-1.5797181129455566,-0.47881829738616943,5.5285420417785645,-6.680582523345947,-1.6400980949401855,2.341646671295166,3.065260171890259,-0.547894299030304,-2.5391674041748047,-0.541064441204071,-0.09642015397548676,5.404324054718018,-1.2451069355010986,-0.35293519496917725,-11.246562004089355,5.685731887817383,-2.8378448486328125,-1.761143445968628,1.1463063955307007,-0.5025830268859863,-0.8495901823043823,-3.033890962600708,8.011382102966309,-5.957708358764648,2.8301870822906494,-0.382304847240448,6.509396553039551,-7.303786754608154,6.914552211761475,3.5726735591888428,-1.5244117975234985,-0.6618034839630127,-4.06150484085083,1.3050278425216675,-1.4838473796844482,2.79641056060791,4.411503791809082,-0.49052807688713074,-7.109002590179443,5.427675724029541,-5.47592830657959,3.800218105316162,1.384498119354248,-0.19317713379859924,0.3028736114501953,-0.08253587037324905,-5.185483932495117,0.7513949871063232,1.0197722911834717,0.31904637813568115,0.7799723148345947,0.37675800919532776,1.2481311559677124,-0.5940722823143005,0.11980801820755005,-0.2596020996570587,2.4461119174957275,-1.2124673128128052,-1.8670140504837036,3.0607640743255615,0.1328502744436264,-0.1321568340063095,3.0441136360168457,-0.04253343865275383,-1.5381823778152466,3.386718273162842,5.910408973693848,0.2513158321380615,-2.756462812423706,2.158884048461914,-3.5236904621124268,-1.9787845611572266,0.551748514175415,-0.1419505625963211,0.0758061334490776,-1.1621509790420532,6.434990882873535,6.8325395584106445,-8.785392761230469,-0.28304117918014526,-0.014520667493343353,3.83270001411438,-9.326416969299316,-6.214109897613525,0.3648340404033661,-0.34370705485343933,1.2179979085922241,-0.9156715273857117,4.432430267333984,-1.8231936693191528,2.465724468231201,-0.4815160930156708,1.0568550825119019,-0.46766912937164307,2.8911256790161133,7.506630897521973,-1.986338496208191,-0.2964663803577423,-8.954758644104004,-0.24475924670696259,-1.8264375925064087,-9.197017669677734,3.0160043239593506,-0.47248005867004395,3.074957847595215,-2.099726676940918,8.36577320098877,-4.577629089355469,0.22588782012462616,-0.24663220345973969,5.802726745605469,-3.4041433334350586,0.8623910546302795,-2.8319320678710938,-2.7983107566833496,-0.33103737235069275,2.3731658458709717,-4.832972049713135,1.0922878980636597,-5.88515567779541,-0.1439947485923767,-0.7882332801818848,3.2641711235046387,-2.0158114433288574,1.30984628200531,4.742026329040527,-3.560080051422119,-0.5670757293701172,-1.9919952154159546,-3.6082377433776855,-2.299189805984497,0.4863303303718567,-0.13073083758354187,-0.3047373592853546,-1.043845772743225,0.6499901413917542,1.4264317750930786,-9.757882118225098,0.1163930669426918,-0.582135021686554,3.837965250015259,0.14406998455524445,8.473881721496582,1.9908066987991333,-1.5638329982757568,-0.6222095489501953,-5.460100173950195,3.1025991439819336,1.0473201274871826,5.816329002380371,-6.581822395324707,-0.3388027548789978,-2.743363380432129,7.3278913497924805,-8.536425590515137,-5.335580825805664,3.758234739303589,-0.49198025465011597,4.586695194244385,0.747262179851532,-0.7212487459182739,-5.6556572914123535,6.611297607421875,0.02933882176876068,2.9789927005767822,-2.1360557079315186,4.981502532958984,-2.822725296020508,-1.196187138557434,-0.1675558090209961,1.2896922826766968,0.22825177013874054,3.6091349124908447,1.4322381019592285,-0.38822096586227417,0.3359842598438263,-0.13524416089057922,0.8754461407661438,0.7702410817146301,-1.7370468378067017,-0.7710745334625244,-0.1982586532831192,1.2049132585525513,-0.7137330770492554,0.19697096943855286,2.0693278312683105,-1.0345641374588013,-0.22919048368930817,-1.705105185508728,0.7834150195121765,3.5752499103546143,0.366046667098999,0.3044309616088867,-0.38568100333213806,2.9703733921051025,-2.459723949432373,-1.1252484321594238,0.697867751121521,-2.287964344024658,-0.012729234993457794,-3.5036187171936035,-0.8871409893035889,-0.991972804069519,0.7937871813774109,1.602318525314331,-0.022458156570792198,-0.779413640499115,2.945328712463379,-0.8183695673942566,1.297711730003357,-1.6182652711868286,-0.30621957778930664,-1.4617464542388916,0.6711742877960205,-0.6716172695159912,-0.0671086460351944,0.6316655,0.6257328
93,-6.134820938110352,2.063084363937378,-0.5345821976661682,3.56789231300354,-10.489801406860352,8.3366117477417,2.9616966247558594,-1.531157374382019,-0.355385959148407,-3.099674701690674,2.8929636478424072,-2.398123264312744,2.91245436668396,-0.3109128475189209,-0.6305339336395264,-0.8210259675979614,2.897861957550049,-4.900495529174805,-6.291378021240234,3.395669937133789,-0.6788357496261597,5.227440357208252,-5.000814914703369,4.5734782218933105,4.926585674285889,-5.908204555511475,-0.12939617037773132,-5.274984836578369,3.370570182800293,-6.457668304443359,5.840158462524414,2.236037254333496,-0.2528212070465088,-2.0153181552886963,0.8270816802978516,-7.3380231857299805,1.4854942560195923,-3.680150270462036,-0.4657403230667114,0.255573570728302,-0.9075782299041748,-5.536989688873291,2.151019811630249,-3.0945074558258057,-0.6833891272544861,-3.5811243057250977,1.0304148197174072,-2.4572489261627197,-3.114193916320801,-1.574746012687683,-0.48092254996299744,5.549169540405273,-6.693637847900391,-1.6513901948928833,2.334412097930908,3.065614700317383,-0.5470978021621704,-2.517636299133301,-0.523744523525238,-0.11281415820121765,5.416627883911133,-1.2287588119506836,-0.3535829186439514,-11.281855583190918,5.711365222930908,-2.823603630065918,-1.7781856060028076,1.1003127098083496,-0.5015528798103333,-0.865058958530426,-3.038116216659546,8.063660621643066,-5.970949649810791,2.835723876953125,-0.38193967938423157,6.530777454376221,-7.3183913230896,6.916460990905762,3.575139045715332,-1.509494662284851,-0.6618381142616272,-4.0623698234558105,1.3155717849731445,-1.5001248121261597,2.78835129737854,4.4477314949035645,-0.49145543575286865,-7.151426792144775,5.471578121185303,-5.465521812438965,3.832552194595337,1.422452688217163,-0.19538404047489166,0.3140300512313843,-0.12110353261232376,-5.230107307434082,0.7622986435890198,1.0279028415679932,0.3190753161907196,0.7839089035987854,0.3872588574886322,1.2579102516174316,-0.6081980466842651,0.0960020050406456,-0.25993284583091736,2.475554943084717,-1.2100321054458618,-1.8909776210784912,3.075054883956909,0.12134699523448944,-0.132856085896492,3.07585072517395,-0.050325460731983185,-1.566739559173584,3.4181711673736572,5.966316223144531,0.2512149512767792,-2.7947988510131836,2.1447012424468994,-3.533675193786621,-1.9579309225082397,0.5474002361297607,-0.14233626425266266,0.05166580528020859,-1.1698307991027832,6.4987006187438965,6.854912757873535,-8.822691917419434,-0.2827661633491516,-0.0036079087294638157,3.833193302154541,-9.357712745666504,-6.226395606994629,0.37277719378471375,-0.3441927134990692,1.2219208478927612,-0.8966042399406433,4.4458489418029785,-1.83656907081604,2.467561960220337,-0.48262956738471985,1.0751910209655762,-0.4499630331993103,2.8871405124664307,7.537526607513428,-1.9805397987365723,-0.29819098114967346,-9.011286735534668,-0.2876219153404236,-1.7988332509994507,-9.222347259521484,2.996140956878662,-0.4728222191333771,3.0709388256073,-2.088261842727661,8.404255867004395,-4.575225353240967,0.22158505022525787,-0.24711650609970093,5.823902606964111,-3.418854236602783,0.8602414727210999,-2.8476500511169434,-2.84409236907959,-0.32951632142066956,2.391496419906616,-4.853329658508301,1.0891752243041992,-5.901548385620117,-0.11651357263326645,-0.7878450155258179,3.2696712017059326,-1.9980021715164185,1.2973926067352295,4.7505645751953125,-3.5588796138763428,-0.5664142370223999,-1.9886000156402588,-3.6383464336395264,-2.325655937194824,0.507918655872345,-0.1080474928021431,-0.30485236644744873,-1.0581002235412598,0.6239764094352722,1.4301693439483643,-9.800177574157715,0.1251499503850937,-0.5817636251449585,3.8681716918945312,0.20491990447044373,8.47494888305664,2.008249521255493,-1.5415586233139038,-0.6241044402122498,-5.508094310760498,3.075488328933716,1.0690630674362183,5.835426330566406,-6.604048252105713,-0.33984047174453735,-2.752575635910034,7.355985641479492,-8.542448997497559,-5.333395004272461,3.7871570587158203,-0.4924144446849823,4.619050025939941,0.7290818095207214,-0.7588022947311401,-5.687002658843994,6.648176670074463,0.03024999238550663,3.0009214878082275,-2.0867578983306885,4.973395347595215,-2.8293590545654297,-1.2016041278839111,-0.16657398641109467,1.2690378427505493,0.21565528213977814,3.631852626800537,1.4397327899932861,-0.39673691987991333,0.33581462502479553,-0.13418331742286682,0.8806237578392029,0.7767977714538574,-1.7424286603927612,-0.7654419541358948,-0.1990942507982254,1.1925867795944214,-0.700258731842041,0.21162649989128113,2.0795340538024902,-1.0614806413650513,-0.2287205308675766,-1.7247949838638306,0.7923871874809265,3.6157548427581787,0.37361443042755127,0.29616600275039673,-0.38620811700820923,2.9740097522735596,-2.5030298233032227,-1.1342135667800903,0.6937958598136902,-2.295351505279541,-0.012241315096616745,-3.5121219158172607,-0.8851694464683533,-0.9806094169616699,0.7902081608772278,1.5885752439498901,-0.021699238568544388,-0.780696451663971,2.9636058807373047,-0.8127546906471252,1.2976675033569336,-1.6171666383743286,-0.3128853440284729,-1.4617997407913208,0.668075442314148,-0.6710758805274963,-0.0673142597079277,0.6316406,0.62542427
94,-6.151529312133789,2.063816785812378,-0.5347080826759338,3.5506162643432617,-10.572556495666504,8.365269660949707,2.970705032348633,-1.5429508686065674,-0.3548485338687897,-3.1016013622283936,2.896315097808838,-2.402212619781494,2.9237658977508545,-0.2950006425380707,-0.6301363110542297,-0.8120192289352417,2.899972677230835,-4.9272942543029785,-6.319662570953369,3.400648593902588,-0.6777435541152954,5.238240718841553,-4.996439456939697,4.577169418334961,4.9318952560424805,-5.9649553298950195,-0.1277032047510147,-5.301873207092285,3.379140615463257,-6.435666561126709,5.864683628082275,2.248812437057495,-0.2521595358848572,-1.979953646659851,0.8110975027084351,-7.398064613342285,1.4947452545166016,-3.736128568649292,-0.4658352732658386,0.25651782751083374,-0.9445873498916626,-5.533256530761719,2.151639223098755,-3.0785465240478516,-0.6851615905761719,-3.605804681777954,1.0317730903625488,-2.4418625831604004,-3.121870994567871,-1.5698070526123047,-0.48303696513175964,5.569234848022461,-6.705955505371094,-1.6624559164047241,2.326899528503418,3.065671443939209,-0.5462483167648315,-2.4959685802459717,-0.5058032870292664,-0.1292264461517334,5.428819179534912,-1.2126076221466064,-0.3542200028896332,-11.316601753234863,5.737050533294678,-2.8092782497406006,-1.7952039241790771,1.0540415048599243,-0.5004537105560303,-0.8804755210876465,-3.0420830249786377,8.11559772491455,-5.9842939376831055,2.8412816524505615,-0.3815377652645111,6.552120685577393,-7.332176208496094,6.91825532913208,3.577726125717163,-1.4941486120224,-0.6618388295173645,-4.063236713409424,1.326112985610962,-1.5164438486099243,2.780427932739258,4.483511924743652,-0.49238812923431396,-7.193751335144043,5.514819145202637,-5.454891681671143,3.8644204139709473,1.4600924253463745,-0.19760575890541077,0.3249368667602539,-0.1589687168598175,-5.27426815032959,0.7733134031295776,1.0359853506088257,0.3191037178039551,0.78786700963974,0.3977648615837097,1.2676265239715576,-0.6223071813583374,0.07208408415317535,-0.26026207208633423,2.5045440196990967,-1.2077642679214478,-1.9147142171859741,3.0889172554016113,0.1097913533449173,-0.13356046378612518,3.1074771881103516,-0.057432569563388824,-1.5949913263320923,3.4496700763702393,6.022039413452148,0.2511163055896759,-2.8330576419830322,2.1302731037139893,-3.5434396266937256,-1.937190294265747,0.5431293249130249,-0.14272385835647583,0.027828048914670944,-1.1776129007339478,6.561811923980713,6.876939296722412,-8.859147071838379,-0.28247442841529846,0.007119292393326759,3.8340160846710205,-9.38903522491455,-6.238463401794434,0.3812370300292969,-0.34467121958732605,1.2261565923690796,-0.8778217434883118,4.458871841430664,-1.8496894836425781,2.4694130420684814,-0.48375070095062256,1.0934597253799438,-0.43267449736595154,2.88299822807312,7.568111419677734,-1.9748997688293457,-0.29993537068367004,-9.067327499389648,-0.3301942050457001,-1.771560788154602,-9.247208595275879,2.976538896560669,-0.4731540083885193,3.067063570022583,-2.077458381652832,8.442126274108887,-4.572935104370117,0.2173076719045639,-0.24759086966514587,5.844828128814697,-3.433199644088745,0.8580228686332703,-2.863070487976074,-2.88979172706604,-0.3279561698436737,2.409520387649536,-4.873834609985352,1.0861841440200806,-5.917654037475586,-0.08895282447338104,-0.7874263525009155,3.2750473022460938,-1.9806724786758423,1.2849061489105225,4.758712291717529,-3.5576674938201904,-0.565713107585907,-1.9853845834732056,-3.667604923248291,-2.351706027984619,0.5296260118484497,-0.08572414517402649,-0.3049577474594116,-1.0721197128295898,0.597722053527832,1.4339203834533691,-9.842211723327637,0.13390439748764038,-0.5813645124435425,3.8984696865081787,0.2653926908969879,8.475820541381836,2.0253286361694336,-1.5191378593444824,-0.6260115504264832,-5.555222034454346,3.0486974716186523,1.090447187423706,5.854257583618164,-6.626305103302002,-0.3408750593662262,-2.7619056701660156,7.383822441101074,-8.548012733459473,-5.331268310546875,3.815718650817871,-0.49284815788269043,4.65081787109375,0.7105880379676819,-0.7959238886833191,-5.717838764190674,6.684714317321777,0.03118833154439926,3.0227420330047607,-2.038304090499878,4.965090274810791,-2.835693359375,-1.206830382347107,-0.16555871069431305,1.2487210035324097,0.20283396542072296,3.6541643142700195,1.4471746683120728,-0.40521684288978577,0.33564209938049316,-0.13311396539211273,0.8858148455619812,0.783382773399353,-1.747788667678833,-0.759694516658783,-0.19993919134140015,1.180437445640564,-0.6863275170326233,0.22611872851848602,2.0895566940307617,-1.0884685516357422,-0.22823500633239746,-1.7443621158599854,0.8014100193977356,3.6559948921203613,0.3808903396129608,0.28781408071517944,-0.3867409825325012,2.977222204208374,-2.5460050106048584,-1.1428016424179077,0.6897074580192566,-2.302731990814209,-0.011740580201148987,-3.5205373764038086,-0.8829799890518188,-0.9693111181259155,0.7867431640625,1.5747613906860352,-0.020846595987677574,-0.7818620204925537,2.9820563793182373,-0.8071259260177612,1.2976032495498657,-1.616112232208252,-0.3197094202041626,-1.4617916345596313,0.665084958076477,-0.670552670955658,-0.06757049262523651,0.6317154,0.6248072
95,-6.168093681335449,2.0644009113311768,-0.5348208546638489,3.53356671333313,-10.654640197753906,8.393454551696777,2.979627847671509,-1.554705023765564,-0.35428187251091003,-3.103642225265503,2.8994836807250977,-2.4060275554656982,2.9352612495422363,-0.27909278869628906,-0.6297147870063782,-0.8031877279281616,2.901127576828003,-4.9540228843688965,-6.347288131713867,3.4057459831237793,-0.6766064763069153,5.248826503753662,-4.992632865905762,4.580495834350586,4.937338352203369,-6.021631240844727,-0.12594720721244812,-5.328934192657471,3.387206554412842,-6.413445472717285,5.8888630867004395,2.2615036964416504,-0.251444548368454,-1.9444911479949951,0.795059323310852,-7.458097457885742,1.5040701627731323,-3.792412519454956,-0.4659202992916107,0.257358580827713,-0.9813669323921204,-5.5293755531311035,2.1522574424743652,-3.0624876022338867,-0.6869492530822754,-3.6305770874023438,1.0330981016159058,-2.4263525009155273,-3.129646062850952,-1.5648975372314453,-0.48516833782196045,5.5887908935546875,-6.717606067657471,-1.67328941822052,2.319135904312134,3.065443277359009,-0.5453534722328186,-2.4742677211761475,-0.48729297518730164,-0.14565372467041016,5.440906524658203,-1.1966465711593628,-0.35483938455581665,-11.350749969482422,5.76276159286499,-2.7948453426361084,-1.812178134918213,1.0075453519821167,-0.499301016330719,-0.8958593010902405,-3.0457770824432373,8.167180061340332,-5.9977335929870605,2.8468618392944336,-0.3810915946960449,6.573418617248535,-7.345174312591553,6.919915199279785,3.5804333686828613,-1.4783649444580078,-0.6618252396583557,-4.064120769500732,1.3366562128067017,-1.5327891111373901,2.772592306137085,4.518862247467041,-0.4933326244354248,-7.235940456390381,5.557330131530762,-5.444015979766846,3.895827531814575,1.4974076747894287,-0.1998426616191864,0.3356011211872101,-0.1961214691400528,-5.317880630493164,0.7844414114952087,1.044012188911438,0.31913286447525024,0.791850745677948,0.4082724452018738,1.2772749662399292,-0.6364089250564575,0.048066146671772,-0.26059454679489136,2.5331015586853027,-1.2056372165679932,-1.9382247924804688,3.102402925491333,0.09819913655519485,-0.1342707723379135,3.139026403427124,-0.06388428062200546,-1.6229323148727417,3.4811666011810303,6.077524662017822,0.2510167062282562,-2.8712539672851562,2.115673303604126,-3.5529584884643555,-1.9165656566619873,0.5389321446418762,-0.1431177407503128,0.004295149818062782,-1.1854641437530518,6.624361038208008,6.898562431335449,-8.894791603088379,-0.28216201066970825,0.01766081154346466,3.8351612091064453,-9.420181274414062,-6.250244617462158,0.39019495248794556,-0.3451401889324188,1.230671763420105,-0.8593327403068542,4.471475124359131,-1.8625569343566895,2.471278667449951,-0.4848870635032654,1.111667513847351,-0.4157799780368805,2.8787357807159424,7.598293781280518,-1.9694187641143799,-0.3017024099826813,-9.122846603393555,-0.3724227547645569,-1.7446227073669434,-9.271490097045898,2.9572412967681885,-0.47347572445869446,3.0632681846618652,-2.0672926902770996,8.47951602935791,-4.570734024047852,0.21304328739643097,-0.2480539232492447,5.865495681762695,-3.44720458984375,0.855718731880188,-2.8781754970550537,-2.9353764057159424,-0.32635655999183655,2.4272735118865967,-4.894542217254639,1.083327054977417,-5.933444976806641,-0.06132887303829193,-0.7869833707809448,3.28033185005188,-1.9637582302093506,1.2723753452301025,4.766542434692383,-3.556389570236206,-0.564972996711731,-1.9823447465896606,-3.6960129737854004,-2.3773322105407715,0.5514475107192993,-0.0637633204460144,-0.30505087971687317,-1.0859063863754272,0.5712750554084778,1.4376888275146484,-9.883978843688965,0.14262889325618744,-0.5809393525123596,3.9287471771240234,0.3254598081111908,8.476320266723633,2.0420477390289307,-1.4965823888778687,-0.6279485821723938,-5.601461410522461,3.0222411155700684,1.11149263381958,5.872845649719238,-6.6485276222229,-0.3419090211391449,-2.77134108543396,7.4114179611206055,-8.553383827209473,-5.329221248626709,3.8438518047332764,-0.49327799677848816,4.681971549987793,0.6918519139289856,-0.8325921297073364,-5.748260974884033,6.720860958099365,0.032154884189367294,3.0444769859313965,-1.9907387495040894,4.95667028427124,-2.8417305946350098,-1.2118730545043945,-0.16450627148151398,1.2287338972091675,0.1898277997970581,3.6761226654052734,1.4545520544052124,-0.41366180777549744,0.33546578884124756,-0.13203628361225128,0.8910171985626221,0.789993941783905,-1.753131628036499,-0.7538427114486694,-0.20079605281352997,1.1684819459915161,-0.6719532012939453,0.2404424250125885,2.0994443893432617,-1.1155322790145874,-0.22773124277591705,-1.7638081312179565,0.810457170009613,3.6959962844848633,0.3878850042819977,0.2793912887573242,-0.38728079199790955,2.9800233840942383,-2.5885660648345947,-1.1510525941848755,0.685612142086029,-2.310100555419922,-0.011226612143218517,-3.528865098953247,-0.8805825710296631,-0.9580774903297424,0.7834004759788513,1.5608865022659302,-0.019897086545825005,-0.7829166650772095,3.0006802082061768,-0.8014832139015198,1.2975242137908936,-1.6150962114334106,-0.3266901969909668,-1.4617353677749634,0.6621729731559753,-0.6700533628463745,-0.06788694113492966,0.6317154,0.6248072
96,-6.184422492980957,2.0648910999298096,-0.5349146127700806,3.5167789459228516,-10.736027717590332,8.4212064743042,2.988441228866577,-1.5664063692092896,-0.35368287563323975,-3.105757236480713,2.9024510383605957,-2.4095537662506104,2.946924924850464,-0.26319968700408936,-0.6292632818222046,-0.7945125699043274,2.901350736618042,-4.980694770812988,-6.374244213104248,3.4109201431274414,-0.6754277944564819,5.259284019470215,-4.989478588104248,4.583457946777344,4.94296407699585,-6.078224182128906,-0.12412375956773758,-5.356194972991943,3.3948307037353516,-6.391014575958252,5.91279935836792,2.274155378341675,-0.25067758560180664,-1.9089369773864746,0.7789714932441711,-7.51820182800293,1.5134268999099731,-3.849022388458252,-0.46599337458610535,0.2581089735031128,-1.0178884267807007,-5.525362014770508,2.1529042720794678,-3.0463011264801025,-0.6887410283088684,-3.655426263809204,1.0343718528747559,-2.4107532501220703,-3.137491464614868,-1.5600310564041138,-0.487314373254776,5.607865810394287,-6.7285566329956055,-1.683910608291626,2.311152458190918,3.0649874210357666,-0.5444102883338928,-2.4524993896484375,-0.4682518541812897,-0.16208742558956146,5.452897548675537,-1.1808781623840332,-0.3554486334323883,-11.384499549865723,5.788422584533691,-2.7803006172180176,-1.8290785551071167,0.9608350992202759,-0.4980865716934204,-0.9112231731414795,-3.049248456954956,8.218421936035156,-6.011373519897461,2.8524699211120605,-0.38060373067855835,6.594763278961182,-7.357466697692871,6.921415328979492,3.583247184753418,-1.462195873260498,-0.6617830395698547,-4.064952850341797,1.347187876701355,-1.5491559505462646,2.764878749847412,4.553740501403809,-0.4942893981933594,-7.277987957000732,5.599095344543457,-5.432925224304199,3.9267659187316895,1.5344115495681763,-0.20209519565105438,0.3460495173931122,-0.2325606644153595,-5.360962867736816,0.7956727743148804,1.0519851446151733,0.31916147470474243,0.7958599925041199,0.4187752902507782,1.286857008934021,-0.650484561920166,0.023967312648892403,-0.2609301507472992,2.5612032413482666,-1.2036280632019043,-1.9614957571029663,3.1154515743255615,0.08658707141876221,-0.13498865067958832,3.170457124710083,-0.06971663981676102,-1.6505591869354248,3.512676477432251,6.132752895355225,0.25091859698295593,-2.9093739986419678,2.1009156703948975,-3.562263011932373,-1.8960628509521484,0.5348055362701416,-0.14351464807987213,-0.01892564631998539,-1.1933733224868774,6.686287879943848,6.919795513153076,-8.929662704467773,-0.28182682394981384,0.02803102321922779,3.836639404296875,-9.451325416564941,-6.261754989624023,0.3996383845806122,-0.3456042408943176,1.2354613542556763,-0.841149091720581,4.4837799072265625,-1.8751739263534546,2.473179340362549,-0.4860343337059021,1.1298084259033203,-0.3992495834827423,2.8743231296539307,7.62820291519165,-1.9641153812408447,-0.3034881353378296,-9.177842140197754,-0.41428297758102417,-1.7180198431015015,-9.295339584350586,2.938264846801758,-0.4737861752510071,3.0596117973327637,-2.057741641998291,8.51652717590332,-4.5687479972839355,0.20878879725933075,-0.24850206077098846,5.885915756225586,-3.4609224796295166,0.8533388376235962,-2.892930030822754,-2.980764865875244,-0.32471683621406555,2.4447312355041504,-4.915421009063721,1.080600619316101,-5.948925495147705,-0.03365000709891319,-0.78651362657547,3.28548264503479,-1.9473059177398682,1.2598395347595215,4.7740864753723145,-3.5551390647888184,-0.5641813278198242,-1.9795562028884888,-3.723644971847534,-2.4025392532348633,0.5733516812324524,-0.04215937480330467,-0.30513593554496765,-1.099454402923584,0.5446299910545349,1.441481351852417,-9.925565719604492,0.1513049304485321,-0.5804926156997681,3.9590303897857666,0.3850640058517456,8.476609230041504,2.0584330558776855,-1.4739301204681396,-0.629906952381134,-5.64693546295166,2.9961495399475098,1.1322273015975952,5.891158580780029,-6.670662879943848,-0.3429434299468994,-2.780850887298584,7.438721179962158,-8.55859088897705,-5.3272576332092285,3.871572494506836,-0.49370524287223816,4.7125372886657715,0.6729118824005127,-0.8688170313835144,-5.778217792510986,6.75663423538208,0.03315019607543945,3.066110134124756,-1.9441041946411133,4.948139667510986,-2.8474650382995605,-1.2167298793792725,-0.16341817378997803,1.2090837955474854,0.17664305865764618,3.6977546215057373,1.4618726968765259,-0.42207014560699463,0.33528777956962585,-0.1309514045715332,0.8962213397026062,0.7966273427009583,-1.7584493160247803,-0.7478839159011841,-0.20166365802288055,1.1567132472991943,-0.6571870446205139,0.2545849680900574,2.109143018722534,-1.1426777839660645,-0.22721067070960999,-1.7831089496612549,0.8195407390594482,3.7357699871063232,0.39461109042167664,0.27091261744499207,-0.3878229260444641,2.982442617416382,-2.630770444869995,-1.1589579582214355,0.6815271377563477,-2.3174569606781006,-0.010699219070374966,-3.53711199760437,-0.8780099153518677,-0.9469207525253296,0.7801640033721924,1.5469526052474976,-0.018847914412617683,-0.7838602066040039,3.0194642543792725,-0.7958272695541382,1.2974121570587158,-1.6141048669815063,-0.3338285982608795,-1.4616328477859497,0.6593697667121887,-0.6695764064788818,-0.06824447959661484,0.6315908,0.6248072
97,-6.2007365226745605,2.065239667892456,-0.5349936485290527,3.500257730484009,-10.816629409790039,8.44851016998291,2.9971277713775635,-1.5780614614486694,-0.35305365920066833,-3.107999086380005,2.9052083492279053,-2.4128313064575195,2.958768606185913,-0.2473383992910385,-0.6287894248962402,-0.7859952449798584,2.900766372680664,-5.007266521453857,-6.400513172149658,3.4161925315856934,-0.6742115020751953,5.269505977630615,-4.986894130706787,4.58608865737915,4.948794841766357,-6.134581565856934,-0.1222316324710846,-5.383578300476074,3.4019856452941895,-6.368460178375244,5.936436176300049,2.2867472171783447,-0.24985146522521973,-1.8733396530151367,0.762836217880249,-7.578310489654541,1.5228118896484375,-3.9058871269226074,-0.4660518765449524,0.2587703466415405,-1.054092288017273,-5.521267414093018,2.1535630226135254,-3.030057907104492,-0.6905454993247986,-3.6803622245788574,1.0356107950210571,-2.395062208175659,-3.1454169750213623,-1.5552226305007935,-0.4894714057445526,5.626409530639648,-6.73876953125,-1.6943081617355347,2.3029892444610596,3.0642900466918945,-0.5434165596961975,-2.430697202682495,-0.4487115144729614,-0.17853154242038727,5.46477746963501,-1.1653050184249878,-0.35604122281074524,-11.417678833007812,5.81410551071167,-2.765669584274292,-1.8459069728851318,0.9139547348022461,-0.49680742621421814,-0.9265958070755005,-3.052511215209961,8.269289016723633,-6.025129318237305,2.858088493347168,-0.38007545471191406,6.6161274909973145,-7.369044780731201,6.9228010177612305,3.5861570835113525,-1.4456294775009155,-0.661709189414978,-4.065857410430908,1.3577017784118652,-1.5655392408370972,2.757321834564209,4.588226795196533,-0.49525028467178345,-7.3198561668396,5.640124797821045,-5.421648979187012,3.9572741985321045,1.5710699558258057,-0.20436528325080872,0.356270968914032,-0.26827383041381836,-5.403468608856201,0.8070096373558044,1.0598976612091064,0.31919121742248535,0.799893319606781,0.42927220463752747,1.2963746786117554,-0.6645273566246033,-0.0002015643985942006,-0.2612667977809906,2.5888795852661133,-1.201712965965271,-1.9845119714736938,3.1281442642211914,0.0749640166759491,-0.13571539521217346,3.201737403869629,-0.07495300471782684,-1.6778510808944702,3.5441482067108154,6.187753677368164,0.25081905722618103,-2.9473586082458496,2.0860228538513184,-3.571394920349121,-1.8756723403930664,0.5307477116584778,-0.1439140886068344,-0.0418272502720356,-1.2013508081436157,6.747556209564209,6.940689563751221,-8.963700294494629,-0.2814728915691376,0.03822420537471771,3.8384621143341064,-9.4822998046875,-6.273149013519287,0.4095477759838104,-0.3460657596588135,1.2405015230178833,-0.8232720494270325,4.495693206787109,-1.887555480003357,2.475040912628174,-0.48719558119773865,1.1478822231292725,-0.38306447863578796,2.8698160648345947,7.657814025878906,-1.9590119123458862,-0.3052990138530731,-9.232285499572754,-0.4557495713233948,-1.691755771636963,-9.318836212158203,2.9195830821990967,-0.4740871787071228,3.0560994148254395,-2.0487897396087646,8.553000450134277,-4.566915988922119,0.20452915132045746,-0.24893786013126373,5.9060821533203125,-3.474292039871216,0.8508825302124023,-2.907353639602661,-3.026028633117676,-0.3230368196964264,2.4618852138519287,-4.9364824295043945,1.0780099630355835,-5.9641313552856445,-0.005935954861342907,-0.7860041260719299,3.2905759811401367,-1.9313033819198608,1.2472892999649048,4.781357288360596,-3.5538721084594727,-0.563347339630127,-1.9770145416259766,-3.7505245208740234,-2.4273078441619873,0.5953295826911926,-0.020918158814311028,-0.305212140083313,-1.1127644777297974,0.51780766248703,1.445277452468872,-9.966792106628418,0.15990762412548065,-0.5800225138664246,3.98931622505188,0.44416919350624084,8.476622581481934,2.0744903087615967,-1.4511802196502686,-0.631895124912262,-5.691581726074219,2.9705116748809814,1.1526241302490234,5.9092631340026855,-6.692734718322754,-0.34397923946380615,-2.7904603481292725,7.465822696685791,-8.563507080078125,-5.325372695922852,3.8988535404205322,-0.4941294193267822,4.742541313171387,0.653823733329773,-0.9045814871788025,-5.807760238647461,6.791995525360107,0.03417520225048065,3.087642192840576,-1.8984373807907104,4.939561367034912,-2.8529443740844727,-1.2214082479476929,-0.16229115426540375,1.189789891242981,0.16330569982528687,3.7190117835998535,1.4691389799118042,-0.4304421544075012,0.3351074159145355,-0.12985676527023315,0.9014336466789246,0.8032844066619873,-1.7637466192245483,-0.741844654083252,-0.20254261791706085,1.1451565027236938,-0.6420422792434692,0.2685382068157196,2.1187198162078857,-1.1698822975158691,-0.22667327523231506,-1.8022736310958862,0.8286144137382507,3.775289297103882,0.4010836184024811,0.2623913288116455,-0.3883684277534485,2.984532356262207,-2.672529935836792,-1.1665552854537964,0.6774526238441467,-2.3248074054718018,-0.01015759352594614,-3.545271158218384,-0.8752753734588623,-0.935839831829071,0.7770386934280396,1.5329921245574951,-0.017695868387818336,-0.784700870513916,3.0384199619293213,-0.7901798486709595,1.2972896099090576,-1.613153100013733,-0.3411327600479126,-1.461488962173462,0.6566444039344788,-0.6691208481788635,-0.06865686178207397,0.6315658,0.6251157
98,-6.216862678527832,2.0654923915863037,-0.5350637435913086,3.483945369720459,-10.896393775939941,8.475643157958984,3.0057663917541504,-1.5896621942520142,-0.3523901700973511,-3.110358476638794,2.907810926437378,-2.4158055782318115,2.970769166946411,-0.23151472210884094,-0.6282873749732971,-0.7776280641555786,2.8993818759918213,-5.03378963470459,-6.426184177398682,3.421600580215454,-0.6729466319084167,5.279610633850098,-4.984896183013916,4.5884318351745605,4.954765319824219,-6.190866470336914,-0.12026938796043396,-5.411121845245361,3.408750057220459,-6.345749855041504,5.9598283767700195,2.29931640625,-0.248970627784729,-1.8377039432525635,0.746663510799408,-7.638388633728027,1.5322010517120361,-3.9629950523376465,-0.4661017656326294,0.25935739278793335,-1.0899540185928345,-5.5170464515686035,2.154245138168335,-3.013756036758423,-0.6923671364784241,-3.7053370475769043,1.0368037223815918,-2.379312038421631,-3.1534345149993896,-1.5504480600357056,-0.491644948720932,5.644503593444824,-6.748367786407471,-1.7045319080352783,2.294637680053711,3.0633704662323,-0.542374849319458,-2.408872127532959,-0.4287228286266327,-0.19498509168624878,5.476483345031738,-1.1499245166778564,-0.35662010312080383,-11.450404167175293,5.839806079864502,-2.751008987426758,-1.8626350164413452,0.8669366836547852,-0.49545976519584656,-0.9419670104980469,-3.055572748184204,8.319884300231934,-6.0389556884765625,2.8637187480926514,-0.3795028626918793,6.637447834014893,-7.379973411560059,6.924091339111328,3.589186906814575,-1.428691029548645,-0.6616024971008301,-4.066729545593262,1.3682174682617188,-1.5819391012191772,2.7499196529388428,4.622245788574219,-0.496220201253891,-7.361598014831543,5.6804070472717285,-5.410184860229492,3.9873342514038086,1.6074025630950928,-0.20665521919727325,0.3662776052951813,-0.3032616376876831,-5.445487022399902,0.8184564113616943,1.0677640438079834,0.31922242045402527,0.8039509654045105,0.43976953625679016,1.3058228492736816,-0.6785373687744141,-0.02442094311118126,-0.2616055905818939,2.6161370277404785,-1.1998724937438965,-2.0073089599609375,3.140474557876587,0.06335090845823288,-0.13644850254058838,3.2328855991363525,-0.07963325083255768,-1.7048202753067017,3.5756025314331055,6.24256706237793,0.25072306394577026,-2.985276460647583,2.0710349082946777,-3.5803182125091553,-1.8554247617721558,0.5267693996429443,-0.1443164050579071,-0.0644063726067543,-1.2093759775161743,6.808202743530273,6.961187839508057,-8.997004508972168,-0.2810960114002228,0.04823850840330124,3.8406577110290527,-9.513250350952148,-6.284299850463867,0.4199034571647644,-0.34651947021484375,1.245786190032959,-0.8057028651237488,4.507289409637451,-1.8997251987457275,2.4769275188446045,-0.4883727431297302,1.165911316871643,-0.36720943450927734,2.865173578262329,7.687152862548828,-1.9540690183639526,-0.30713385343551636,-9.286206245422363,-0.4968043565750122,-1.6658473014831543,-9.341877937316895,2.9012610912323,-0.4743744432926178,3.0527029037475586,-2.0404112339019775,8.588988304138184,-4.565202236175537,0.2002711445093155,-0.24936097860336304,5.925959587097168,-3.4874088764190674,0.8483609557151794,-2.9214272499084473,-3.0711028575897217,-0.32131049036979675,2.478703737258911,-4.957724094390869,1.075546383857727,-5.979116439819336,0.021811960265040398,-0.7854623794555664,3.2955734729766846,-1.9157309532165527,1.2347149848937988,4.788424491882324,-3.552579164505005,-0.5624687075614929,-1.9747053384780884,-3.7766494750976562,-2.451639413833618,0.6173619627952576,-2.9941031243652105e-05,-0.30527663230895996,-1.1258363723754883,0.4908304512500763,1.4490723609924316,-10.007889747619629,0.16842514276504517,-0.5795264840126038,4.019600868225098,0.5027324557304382,8.4763822555542,2.0901763439178467,-1.4283568859100342,-0.6339039206504822,-5.735400676727295,2.9452600479125977,1.1727105379104614,5.92710018157959,-6.714790344238281,-0.34502023458480835,-2.8001320362091064,7.4925947189331055,-8.568204879760742,-5.323581218719482,3.925689697265625,-0.49454763531684875,4.771997451782227,0.6346286535263062,-0.9398819208145142,-5.83675479888916,6.827012062072754,0.035230617970228195,3.109071969985962,-1.8537795543670654,4.930934906005859,-2.8581669330596924,-1.2259247303009033,-0.16112734377384186,1.170803427696228,0.14982542395591736,3.739952564239502,1.4763411283493042,-0.43877729773521423,0.33492520451545715,-0.1287548840045929,0.9066473245620728,0.8099672198295593,-1.7690582275390625,-0.7357260584831238,-0.20343488454818726,1.1338123083114624,-0.6265546083450317,0.2822932004928589,2.1281819343566895,-1.1971852779388428,-0.2261154055595398,-1.8213011026382446,0.8376854062080383,3.8145318031311035,0.40730157494544983,0.2538483440876007,-0.38892486691474915,2.9862382411956787,-2.713834524154663,-1.1738141775131226,0.6733998656272888,-2.332141637802124,-0.009601431898772717,-3.553342819213867,-0.8723913431167603,-0.9248471856117249,0.7740116715431213,1.5189988613128662,-0.0164372306317091,-0.7854267954826355,3.0575456619262695,-0.7845377326011658,1.2971398830413818,-1.6122182607650757,-0.34859904646873474,-1.4612971544265747,0.654009222984314,-0.6686902046203613,-0.06911328434944153,0.6316655,0.6251157
99,-6.232824325561523,2.065621852874756,-0.5351134538650513,3.46791410446167,-10.975302696228027,8.502285957336426,3.0142977237701416,-1.6012234687805176,-0.3516920804977417,-3.1128573417663574,2.910170078277588,-2.418506145477295,2.982916831970215,-0.2157514989376068,-0.6277580261230469,-0.7694011926651001,2.897205114364624,-5.060184001922607,-6.451157569885254,3.4270544052124023,-0.6716292500495911,5.289521217346191,-4.983511924743652,4.5905609130859375,4.960897922515869,-6.246997833251953,-0.11823516339063644,-5.4387712478637695,3.4151785373687744,-6.3229546546936035,5.9829607009887695,2.311878204345703,-0.24803319573402405,-1.8020488023757935,0.7304831147193909,-7.698507308959961,1.5415966510772705,-4.020317077636719,-0.46613821387290955,0.25987890362739563,-1.1254392862319946,-5.512711048126221,2.154916286468506,-2.9974067211151123,-0.6941973567008972,-3.730342388153076,1.037960410118103,-2.363509178161621,-3.161512851715088,-1.5457628965377808,-0.49383649230003357,5.662163257598877,-6.757320880889893,-1.7145613431930542,2.2860989570617676,3.0622384548187256,-0.5412787199020386,-2.387007713317871,-0.4083224833011627,-0.21144595742225647,5.488127708435059,-1.1347607374191284,-0.3571869730949402,-11.482558250427246,5.8654985427856445,-2.7363076210021973,-1.8792699575424194,0.8197970986366272,-0.4940456449985504,-0.9573505520820618,-3.0584604740142822,8.37008285522461,-6.052880764007568,2.869389533996582,-0.378884881734848,6.658701419830322,-7.390235900878906,6.9253034591674805,3.592322826385498,-1.411406397819519,-0.6614719033241272,-4.067699909210205,1.3787224292755127,-1.5983415842056274,2.7426533699035645,4.655910015106201,-0.4972025454044342,-7.403164863586426,5.719970703125,-5.3985724449157715,4.016978740692139,1.6434016227722168,-0.2089623212814331,0.37608426809310913,-0.33751800656318665,-5.486972808837891,0.8300054669380188,1.0755791664123535,0.3192528188228607,0.8080351948738098,0.45025748014450073,1.315213680267334,-0.6925111413002014,-0.04868123680353165,-0.26194536685943604,2.642958402633667,-1.1980992555618286,-2.029846429824829,3.1524477005004883,0.05175694823265076,-0.13719063997268677,3.263861894607544,-0.08378273993730545,-1.7314703464508057,3.6070139408111572,6.297173500061035,0.2506272792816162,-3.023056983947754,2.0559706687927246,-3.589060068130493,-1.835286259651184,0.5228641629219055,-0.14472371339797974,-0.08665267378091812,-1.2174407243728638,6.868224620819092,6.981435775756836,-9.029481887817383,-0.28069666028022766,0.05807971581816673,3.843181610107422,-9.544035911560059,-6.295290946960449,0.4306831657886505,-0.34696608781814575,1.2512871026992798,-0.7884461283683777,4.518497943878174,-1.9116742610931396,2.478811740875244,-0.489562064409256,1.183887243270874,-0.35165128111839294,2.8604633808135986,7.716125965118408,-1.949310064315796,-0.30899330973625183,-9.339699745178223,-0.5374033451080322,-1.64026939868927,-9.364513397216797,2.8832926750183105,-0.47465166449546814,3.0494678020477295,-2.0325870513916016,8.624421119689941,-4.5635905265808105,0.19599533081054688,-0.2497706264257431,5.945620059967041,-3.5002238750457764,0.8457767367362976,-2.9351985454559326,-3.115983486175537,-0.31954115629196167,2.4951906204223633,-4.979156017303467,1.0732097625732422,-5.993858337402344,0.0495653972029686,-0.7848831415176392,3.300476312637329,-1.9005851745605469,1.222142219543457,4.795257568359375,-3.551255226135254,-0.5615354180335999,-1.9726134538650513,-3.8020644187927246,-2.475478410720825,0.6394253373146057,0.020497476682066917,-0.30533498525619507,-1.1386924982070923,0.4637303054332733,1.4528602361679077,-10.048874855041504,0.17682386934757233,-0.5790029764175415,4.049845218658447,0.560723066329956,8.475968360900879,2.105541944503784,-1.4054818153381348,-0.635936439037323,-5.7783613204956055,2.9204392433166504,1.1924911737442017,5.9447526931762695,-6.736710071563721,-0.34606170654296875,-2.8099007606506348,7.519064426422119,-8.572712898254395,-5.321956634521484,3.95210337638855,-0.49496784806251526,4.800898551940918,0.6153726577758789,-0.9747112989425659,-5.865246295928955,6.861605644226074,0.03631723299622536,3.1303889751434326,-1.8101626634597778,4.922170162200928,-2.8631253242492676,-1.230281949043274,-0.1599218100309372,1.1521285772323608,0.13623321056365967,3.760575294494629,1.4834941625595093,-0.44707822799682617,0.3347402513027191,-0.12764579057693481,0.9118679165840149,0.8166704773902893,-1.7743288278579712,-0.7295416593551636,-0.2043372541666031,1.1226810216903687,-0.6107527613639832,0.29584434628486633,2.137505531311035,-1.224546194076538,-0.2255380004644394,-1.840165138244629,0.8467325568199158,3.853497266769409,0.41328099370002747,0.2452944815158844,-0.3894873559474945,2.987663507461548,-2.7546942234039307,-1.1807771921157837,0.6693800091743469,-2.3394432067871094,-0.009030369110405445,-3.561363697052002,-0.8693805932998657,-0.9139418601989746,0.7710720300674438,1.504979133605957,-0.015069146640598774,-0.7860525250434875,3.0768280029296875,-0.7789108753204346,1.2969743013381958,-1.6113017797470093,-0.35623329877853394,-1.4610600471496582,0.6514592170715332,-0.6682813763618469,-0.06962286680936813,0.63186496,0.6244986
100,-6.248611927032471,2.0656259059906006,-0.5351430773735046,3.4521090984344482,-11.053434371948242,8.528586387634277,3.0227413177490234,-1.6127378940582275,-0.35095709562301636,-3.115488052368164,2.9123342037200928,-2.4209377765655518,2.995182752609253,-0.20004858076572418,-0.6271941661834717,-0.7613111138343811,2.8943161964416504,-5.086543560028076,-6.475617408752441,3.4325859546661377,-0.6702576279640198,5.299324989318848,-4.982676029205322,4.59236478805542,4.967135429382324,-6.302917003631592,-0.1161259189248085,-5.466492652893066,3.421276569366455,-6.29997444152832,6.005819797515869,2.3244802951812744,-0.24703264236450195,-1.7663965225219727,0.7142935991287231,-7.758564472198486,1.5509727001190186,-4.077857971191406,-0.46616330742836,0.2603451907634735,-1.1605396270751953,-5.508260250091553,2.155639171600342,-2.9810338020324707,-0.6960527896881104,-3.755380868911743,1.0390698909759521,-2.347646713256836,-3.169692039489746,-1.541152834892273,-0.4960409104824066,5.679396629333496,-6.7657036781311035,-1.7244154214859009,2.277435302734375,3.0609560012817383,-0.5401337742805481,-2.3651721477508545,-0.38755738735198975,-0.22790536284446716,5.499695777893066,-1.1197878122329712,-0.35773831605911255,-11.514403343200684,5.891081809997559,-2.7215487957000732,-1.895761251449585,0.7725889086723328,-0.4925629198551178,-0.9727515578269958,-3.061147928237915,8.420015335083008,-6.0670061111450195,2.8751027584075928,-0.37821802496910095,6.679940223693848,-7.399902820587158,6.926372051239014,3.5955564975738525,-1.3937647342681885,-0.6613055467605591,-4.068758010864258,1.389209508895874,-1.6147197484970093,2.7355682849884033,4.689165115356445,-0.49819448590278625,-7.444550514221191,5.7588677406311035,-5.3868513107299805,4.046194553375244,1.6790719032287598,-0.211289182305336,0.3857041895389557,-0.3710504472255707,-5.527945518493652,0.841659426689148,1.083340048789978,0.319282203912735,0.8121456503868103,0.4607357978820801,1.3245353698730469,-0.7064362168312073,-0.0729624480009079,-0.2622879445552826,2.6693925857543945,-1.1963472366333008,-2.0521204471588135,3.1641054153442383,0.04020130634307861,-0.1379416435956955,3.2946889400482178,-0.08743511885404587,-1.7577844858169556,3.6383724212646484,6.35158634185791,0.2505348324775696,-3.060703992843628,2.04085373878479,-3.597626209259033,-1.8152682781219482,0.5190261006355286,-0.14513522386550903,-0.10856103897094727,-1.2255359888076782,6.927621841430664,7.001265048980713,-9.061247825622559,-0.28027403354644775,0.06774825602769852,3.846106767654419,-9.57472038269043,-6.306087493896484,0.44187238812446594,-0.3474073112010956,1.2569960355758667,-0.7715058326721191,4.529393672943115,-1.9233802556991577,2.4806883335113525,-0.4907686412334442,1.2017780542373657,-0.3363765478134155,2.855698585510254,7.744812965393066,-1.9447458982467651,-0.3108784556388855,-9.392574310302734,-0.5775283575057983,-1.6150516271591187,-9.386786460876465,2.8656773567199707,-0.4749184846878052,3.0463638305664062,-2.0252902507781982,8.659317970275879,-4.562151908874512,0.19170290231704712,-0.25016841292381287,5.9649658203125,-3.5127952098846436,0.8431359529495239,-2.9486215114593506,-3.1606485843658447,-0.3177254796028137,2.5113894939422607,-5.00084114074707,1.0710053443908691,-6.008335590362549,0.07732730358839035,-0.7842797636985779,3.305340528488159,-1.885866403579712,1.2095649242401123,4.801797389984131,-3.549954414367676,-0.5605559349060059,-1.9708054065704346,-3.8268063068389893,-2.4988672733306885,0.6615363955497742,0.04067616909742355,-0.3053804636001587,-1.1513346433639526,0.4365123212337494,1.456648826599121,-10.089537620544434,0.18509697914123535,-0.5784595608711243,4.080060958862305,0.6181188225746155,8.475321769714355,2.1205880641937256,-1.3825666904449463,-0.6379976868629456,-5.820523738861084,2.8960628509521484,1.2119696140289307,5.9622039794921875,-6.7586469650268555,-0.3471038341522217,-2.8197457790374756,7.545233249664307,-8.577043533325195,-5.320407390594482,3.978060245513916,-0.4953840970993042,4.829366207122803,0.5960862040519714,-1.0090681314468384,-5.893251895904541,6.89580774307251,0.03743603080511093,3.15159273147583,-1.7676016092300415,4.913333415985107,-2.867809534072876,-1.2344688177108765,-0.15867392718791962,1.1337625980377197,0.1225275993347168,3.7809183597564697,1.4905848503112793,-0.4553414285182953,0.334552526473999,-0.12652690708637238,0.9170964956283569,0.8233983516693115,-1.7795906066894531,-0.7232858538627625,-0.20525489747524261,1.1117711067199707,-0.5946577191352844,0.30919018387794495,2.146712064743042,-1.2519923448562622,-0.22494299709796906,-1.8588546514511108,0.8557555675506592,3.892195463180542,0.41903576254844666,0.23674970865249634,-0.39005717635154724,2.9887819290161133,-2.7950727939605713,-1.1874765157699585,0.6654080152511597,-2.3467371463775635,-0.008443932048976421,-3.5693039894104004,-0.866258978843689,-0.9031403064727783,0.7682552933692932,1.4909528493881226,-0.013587606139481068,-0.7865914702415466,3.096281051635742,-0.7732974886894226,1.2967857122421265,-1.6104117631912231,-0.3640332818031311,-1.4607861042022705,0.648979663848877,-0.6678962707519531,-0.07017529755830765,0.6317154,0.6244986
